47544000000.000000 0.000000000 0.000000000 0.000000000 -0.000000000 -0.000000000 -0.000000000 1.000000000
47744000000.000000 0.000079705 -0.000197713 0.000088120 -0.000100430 -0.000057703 -0.000027491 1.000000000
48011000000.000000 -0.000278771 -0.000816023 0.000405149 -0.000290713 0.000029582 -0.000125036 0.999999940
48212000000.000000 -0.000116311 -0.000192415 0.000305625 -0.000124879 0.000039020 0.000032742 1.000000000
48412000000.000000 -0.000087633 -0.000174639 0.000238255 -0.000070640 0.000010237 -0.000061296 1.000000000
48613000000.000000 0.000048084 -0.000071100 0.000147232 -0.000037433 0.000043138 0.000044602 1.000000000
48813000000.000000 0.000049124 -0.000077214 -0.000061909 -0.000000517 0.000001597 -0.000015707 1.000000000
49013000000.000000 0.000019731 -0.000012233 -0.000012301 -0.000047414 -0.000025864 -0.000121230 1.000000000
49281000000.000000 0.000429163 0.000330301 -0.000362446 0.000040244 -0.000101496 0.000202317 1.000000000
49481000000.000000 0.001972264 0.001218266 0.002325587 0.000148144 -0.001239620 0.000031193 0.999999225
49615000000.000000 -0.003028402 0.001131804 0.010001694 0.000019247 -0.002371846 -0.000020150 0.999997199
49748000000.000000 -0.003802292 0.002134069 0.022148835 -0.000150262 -0.004216205 -0.000284640 0.999991059
49949000000.000000 -0.007328192 0.006840240 0.044925563 0.000319630 -0.010921309 0.001497438 0.999939203
50149000000.000000 -0.011097528 0.008386120 0.067354240 -0.000301695 -0.019593250 0.002362295 0.999805212
50416000000.000000 -0.010826813 0.011542439 0.093147933 -0.000591182 -0.027530743 0.002866176 0.999616683
50550000000.000000 -0.011769986 0.012792013 0.104385950 -0.001333831 -0.026068255 0.002604331 0.999655962
50683000000.000000 -0.011736132 0.013006183 0.116568334 -0.001750577 -0.022012435 0.002092611 0.999754071
50951000000.000000 -0.008653154 0.016548565 0.152470052 -0.001447738 -0.004820284 -0.001111061 0.999986768
51218000000.000000 -0.018725989 0.023183115 0.194768935 -0.000704604 0.002384540 -0.002064624 0.999994814
51418000000.000000 -0.025009980 0.026470073 0.234639570 -0.000961510 0.009716657 -0.002593840 0.999948978
51619000000.000000 -0.031380579 0.032184027 0.271123737 -0.001453129 0.013216440 -0.002003211 0.999909639
51752000000.000000 -0.033484418 0.032507200 0.296395510 -0.002346098 0.013985539 -0.001611868 0.999898136
51953000000.000000 -0.038262818 0.037442248 0.334886879 -0.002570778 0.016083999 -0.001163810 0.999866664
52153000000.000000 -0.041354667 0.044325538 0.376166463 -0.002027186 0.019608248 -0.002521329 0.999802530
52353000000.000000 -0.040224336 0.048088036 0.423660278 -0.002691212 0.021525100 -0.002702534 0.999761045
52554000000.000000 -0.037849043 0.053483061 0.474429816 -0.003184139 0.025739999 -0.003397958 0.999657810
52754000000.000000 -0.035840925 0.061128568 0.524704456 -0.003346713 0.029063588 -0.004144760 0.999563396
52888000000.000000 -0.033462703 0.064318903 0.555008531 -0.002922333 0.029862719 -0.004199767 0.999540925
53088000000.000000 -0.029609203 0.068457372 0.602229953 -0.003041950 0.031370468 -0.004024984 0.999495089
53289000000.000000 -0.024640935 0.074141853 0.651703835 -0.001806165 0.032714248 -0.004829270 0.999451458
53489000000.000000 -0.019915018 0.080267571 0.704483092 -0.001187925 0.034512233 -0.004210891 0.999394715
53623000000.000000 -0.018030662 0.083359279 0.738088548 -0.001209069 0.034858223 -0.004512000 0.999381423
53823000000.000000 -0.013268820 0.088656589 0.788547039 -0.001001012 0.032996204 -0.003599697 0.999448538
53957000000.000000 -0.012843773 0.091738626 0.823813558 -0.000565897 0.029872078 -0.002828165 0.999549568
54090000000.000000 -0.012387106 0.095493570 0.860045910 -0.000569528 0.025352189 -0.002291438 0.999675810
54291000000.000000 -0.013452805 0.101000562 0.916767657 0.000333902 0.019267336 -0.000850163 0.999814034
54491000000.000000 -0.017580124 0.106645718 0.972026408 0.000062511 0.014465395 -0.001434212 0.999894321
54691000000.000000 -0.019920429 0.112094618 1.026254892 -0.000640305 0.008999768 -0.001139384 0.999958694
54892000000.000000 -0.021189637 0.115650907 1.077732205 0.000189539 0.003039218 0.000477258 0.999995291
55092000000.000000 -0.024161562 0.121500246 1.125754714 0.000324248 -0.000179559 0.000936845 0.999999523
55226000000.000000 -0.027315797 0.126191095 1.160041451 0.000676667 -0.000773239 0.000564504 0.999999344
55426000000.000000 -0.032503758 0.133191779 1.213167429 0.000950091 -0.001841913 0.000496799 0.999997735
55627000000.000000 -0.035332371 0.139983192 1.268507838 0.001154632 -0.001095761 0.000076457 0.999998748
55760000000.000000 -0.037130583 0.143012866 1.302951217 0.000992090 -0.001267822 0.000942341 0.999998331
55961000000.000000 -0.039685134 0.145431131 1.352617383 0.000041022 0.000511834 0.001722541 0.999998391
56094000000.000000 -0.041481927 0.149693966 1.385367155 -0.000632121 0.001396512 0.000354613 0.999998748
56295000000.000000 -0.040945478 0.150646240 1.430032372 -0.001341906 0.002849184 0.000252022 0.999995053
56428000000.000000 -0.043737337 0.155336991 1.466683745 -0.001215299 0.003919834 0.000643903 0.999991417
56562000000.000000 -0.045842018 0.160752758 1.503717422 -0.001138887 0.004654128 0.000054722 0.999988556
56695000000.000000 -0.048981026 0.163210407 1.537787199 -0.001614870 0.006550096 0.001381506 0.999976277
56896000000.000000 -0.051045019 0.168887869 1.586058021 -0.001924527 0.005857919 -0.000306381 0.999980927
57096000000.000000 -0.055414140 0.175069645 1.631210446 -0.001367043 0.005615410 -0.000129142 0.999983311
57230000000.000000 -0.057183817 0.179118365 1.665369272 -0.000967030 0.005685383 0.000550350 0.999983251
57430000000.000000 -0.059667293 0.184270054 1.712946177 -0.001275221 0.004153389 0.001215638 0.999989867
57631000000.000000 -0.058600172 0.189291492 1.757209420 -0.002115200 0.006093241 0.001032001 0.999978662
57764000000.000000 -0.057151008 0.191765279 1.783800364 -0.002102534 0.008932469 0.000610509 0.999957740
57965000000.000000 -0.054591514 0.200416297 1.826039314 -0.000978944 0.014591633 -0.000458135 0.999892950
58098000000.000000 -0.055417247 0.204045281 1.856914282 -0.002227767 0.021611981 -0.002257329 0.999761462
58299000000.000000 -0.052938394 0.208254471 1.898206830 -0.002469476 0.033853970 -0.003480433 0.999417663
58432000000.000000 -0.049692255 0.212548390 1.928898335 -0.002451916 0.039904974 -0.004609673 0.999189854
58566000000.000000 -0.048647709 0.216118827 1.956022501 -0.002814080 0.045841862 -0.005410905 0.998930097
58766000000.000000 -0.041670088 0.223441914 2.003261089 -0.002965791 0.051606398 -0.007384886 0.998635828
58900000000.000000 -0.037793159 0.226188511 2.031859159 -0.002993101 0.055358037 -0.006678461 0.998439789
59167000000.000000 -0.026528506 0.223584488 2.077518225 -0.003764183 0.057932410 -0.006213774 0.998294055
59301000000.000000 -0.027034413 0.225053519 2.103357792 -0.004184541 0.056408022 -0.005415333 0.998384356
59501000000.000000 -0.030088408 0.229101345 2.138300896 -0.003888673 0.056908213 -0.006041211 0.998353601
59701000000.000000 -0.028704707 0.234503850 2.180736303 -0.003054697 0.055344254 -0.005525111 0.998447418
59835000000.000000 -0.028039813 0.236777559 2.209247351 -0.002965219 0.054416500 -0.005505197 0.998498738
60035000000.000000 -0.025795009 0.237755656 2.248462915 -0.001591064 0.052287273 -0.005255757 0.998616993
60236000000.000000 -0.035323706 0.241987631 2.279455662 -0.000483069 0.050663643 -0.005341113 0.998701394
60369000000.000000 -0.033155818 0.244750008 2.304100275 0.000009266 0.048702866 -0.005295515 0.998799324
60570000000.000000 -0.036906272 0.248485222 2.342012882 0.000639770 0.047534239 -0.004853872 0.998857677
60770000000.000000 -0.029604241 0.252094835 2.380584002 0.000580419 0.046081401 -0.004788929 0.998926103
60904000000.000000 -0.018462105 0.257135004 2.405197620 0.000484689 0.046866506 -0.003951726 0.998893201
61104000000.000000 -0.011019039 0.266364634 2.444934607 -0.000379311 0.055465635 -0.004539448 0.998450220
61305000000.000000 -0.001110198 0.270758390 2.477282047 -0.000085467 0.063708618 -0.005818396 0.997951627
61572000000.000000 0.018772706 0.274445385 2.520601749 -0.002085692 0.068772227 -0.005108147 0.997617185
61772000000.000000 0.027507113 0.280077100 2.550035715 -0.001419986 0.079605930 -0.007852976 0.996794522
61973000000.000000 0.035981052 0.284964412 2.584259033 -0.002350722 0.098488137 -0.008231877 0.995101452
62173000000.000000 0.051584583 0.289758772 2.612789631 -0.002958046 0.112901963 -0.007980683 0.993569672
62373000000.000000 0.064395249 0.298224747 2.642604828 -0.003477090 0.125919729 -0.008909209 0.991994321
62507000000.000000 0.072521158 0.303118080 2.662260771 -0.003682721 0.133825988 -0.009693994 0.990950584
62707000000.000000 0.085059412 0.314137161 2.697014570 -0.002296488 0.145079955 -0.010831182 0.989358008
62908000000.000000 0.096064582 0.306282669 2.729301453 -0.004716722 0.156459898 -0.011688324 0.987603903
63108000000.000000 0.105646014 0.307155728 2.766450167 -0.005165144 0.169909894 -0.013615463 0.985351980
63242000000.000000 0.114565551 0.315937012 2.791745186 -0.003641451 0.178474396 -0.014284175 0.983834207
63509000000.000000 0.128156021 0.316800088 2.839210510 -0.003559615 0.194358394 -0.017173169 0.980773807
63776000000.000000 0.140778065 0.328241795 2.889512062 -0.001247984 0.200974271 -0.016565165 0.979455709
63910000000.000000 0.146174371 0.328519881 2.922876358 -0.001054188 0.199440256 -0.018016893 0.979743838
64177000000.000008 0.159531683 0.337328851 2.986136436 -0.000893057 0.194015354 -0.016787767 0.980854452
64311000000.000008 0.169921666 0.340307653 3.017490387 -0.000345040 0.193766609 -0.017923387 0.980883837
64510999999.999992 0.184684336 0.347265422 3.059923410 0.000743378 0.196805671 -0.018499097 0.980267704
64712000000.000000 0.204297110 0.351354241 3.098234415 0.000856988 0.206846312 -0.020097166 0.978166640
64979000000.000000 0.236631140 0.347806364 3.155923128 -0.001802509 0.227913976 -0.022921437 0.973409772
65179000000.000000 0.260670424 0.356564999 3.194550514 -0.000876202 0.248127550 -0.024456967 0.968418181
65379000000.000008 0.289153874 0.360913575 3.237356186 -0.001029424 0.269514889 -0.026687624 0.962625861
65580000000.000000 0.323336005 0.363658667 3.275297642 -0.001677064 0.288412243 -0.029049153 0.957064092
65712999999.999992 0.344266355 0.365036637 3.302073002 -0.002122436 0.302918851 -0.030857638 0.952514350
65914000000.000000 0.376240611 0.372743905 3.342456341 -0.002284773 0.322792202 -0.032961696 0.945892990
66114000000.000008 0.412142068 0.378313363 3.376813412 -0.002543072 0.345159769 -0.035671704 0.937862396
66248000000.000008 0.440007120 0.381267875 3.405943155 -0.004090503 0.360299528 -0.037243702 0.932083964
66447999999.999992 0.474335402 0.383931488 3.430648327 -0.005021999 0.381155878 -0.039532721 0.923651576
66649000000.000000 0.512976170 0.386636645 3.463932753 -0.005955575 0.402247161 -0.042749889 0.914513171
66782000000.000000 0.540600896 0.390928477 3.485935926 -0.005450227 0.417810768 -0.042491324 0.907523572
66916000000.000000 0.568409324 0.392759144 3.503380775 -0.006458815 0.431041509 -0.044088688 0.901231289
67116000000.000000 0.614364624 0.396728575 3.527832985 -0.006607681 0.449237853 -0.045461748 0.892230332
67316999999.999992 0.661650300 0.400925994 3.551741123 -0.007447339 0.467626303 -0.047762975 0.882603526
67516999999.999992 0.713156044 0.404551566 3.583431721 -0.007404259 0.489017427 -0.050240617 0.870794535
67651000000.000000 0.747800529 0.405234218 3.596645832 -0.007487309 0.501727760 -0.051874656 0.863436282
67851000000.000000 0.804252088 0.409667730 3.621674061 -0.006828235 0.522189617 -0.053846080 0.851100445
67985000000.000000 0.844044387 0.410564542 3.634466410 -0.006296526 0.536818147 -0.055635162 0.841838121
68251999999.999992 0.909928918 0.414146304 3.662224293 -0.006586586 0.565417886 -0.060176797 0.822580159
68385000000.000008 0.940737844 0.413612872 3.674115181 -0.006659696 0.576851606 -0.060319666 0.814591646
68586000000.000000 0.988069534 0.415835381 3.686120987 -0.005378619 0.592354774 -0.062752068 0.803211808
68786000000.000000 1.036942005 0.415849149 3.694317341 -0.005805829 0.604877174 -0.063557267 0.793757200
68987000000.000000 1.080822110 0.420089900 3.702015877 -0.005468058 0.616799533 -0.066111982 0.784319937
69187000000.000000 1.132639170 0.424708068 3.713392496 -0.004766621 0.629308283 -0.069529772 0.774024606
69388000000.000000 1.184157848 0.424920589 3.727104902 -0.004935242 0.638157189 -0.070109531 0.766691446
69588000000.000000 1.245054960 0.427243173 3.744224548 -0.003925189 0.647139132 -0.070178650 0.759124875
69722000000.000000 1.285560846 0.427340746 3.756422758 -0.004724920 0.652097106 -0.070483208 0.754837275
69989000000.000000 1.371318579 0.430206329 3.774099350 -0.005560262 0.661564410 -0.071096964 0.746489763
70189000000.000000 1.442041993 0.433407903 3.787890434 -0.006221660 0.666951060 -0.071531668 0.741633952
70390000000.000000 1.513325453 0.437388510 3.802844286 -0.006218489 0.671497583 -0.071124256 0.737559259
70590000000.000000 1.585858941 0.439254224 3.818406343 -0.006486200 0.675999105 -0.071574077 0.733389676
70790000000.000000 1.657721400 0.440995783 3.839664459 -0.006766737 0.680557132 -0.071094528 0.729206383
70991000000.000000 1.731823921 0.440268457 3.847423077 -0.006264720 0.680213273 -0.070807613 0.729559422
71124000000.000000 1.784801960 0.443971902 3.850739002 -0.006000781 0.680284858 -0.071669899 0.729410708
71325000000.000000 1.861282587 0.441730618 3.854138613 -0.007064713 0.680878758 -0.072851717 0.728729665
71458000000.000000 1.904778361 0.446351945 3.861694098 -0.007102232 0.682187140 -0.073499747 0.727439463
71659000000.000000 1.977270246 0.447323024 3.860680103 -0.008204739 0.683447838 -0.073718101 0.726221383
71859000000.000000 2.045844078 0.448550791 3.859088659 -0.008550550 0.684806466 -0.072780676 0.725031018
71993000000.000000 2.095485687 0.448859811 3.859586954 -0.008223394 0.686478138 -0.072916560 0.723438561
72126000000.000000 2.140284777 0.449464262 3.860091925 -0.007648171 0.688324630 -0.073205650 0.721659005
72327000000.000000 2.208314419 0.451893806 3.864501238 -0.007468371 0.691176951 -0.074189074 0.718828678
72527000000.000000 2.277931929 0.452826440 3.865593195 -0.006797431 0.693394959 -0.074128151 0.716702342
72661000000.000000 2.323858023 0.455448419 3.864357233 -0.006735001 0.694214046 -0.074854143 0.715834022
72861000000.000000 2.390143871 0.456094801 3.865114927 -0.006525092 0.695605218 -0.075010814 0.714467883
73062000000.000000 2.456854820 0.459946185 3.870408535 -0.006437527 0.697407067 -0.076949686 0.712503135
73262000000.000000 2.524274349 0.457155198 3.868106365 -0.006872802 0.698165476 -0.076625928 0.711790919
73462000000.000000 2.592598200 0.458395779 3.869274378 -0.006009402 0.698400974 -0.075619705 0.711675227
73663000000.000000 2.655273914 0.457610816 3.863458633 -0.006736471 0.696631670 -0.074167743 0.713553131
73863000000.000000 2.718855381 0.455416441 3.867254496 -0.007653050 0.696113706 -0.075051315 0.713956952
74064000000.000000 2.776740789 0.456476778 3.863435745 -0.007979481 0.694110751 -0.073715784 0.716039538
74197000000.000000 2.814492464 0.457667798 3.863869667 -0.007886278 0.693745494 -0.073500760 0.716416538
74331000000.000000 2.849991560 0.455868959 3.864879608 -0.008097309 0.693780601 -0.073401228 0.716390371
74464000000.000000 2.885264635 0.455920905 3.863104820 -0.008070670 0.693771780 -0.072843209 0.716456234
74598000000.000000 2.910169363 0.460879773 3.861483812 -0.007679183 0.693902612 -0.072473690 0.716371238
74865000000.000000 2.965742588 0.464872718 3.851806402 -0.008896606 0.694025636 -0.073028035 0.716181755
74999000000.000000 2.997253895 0.458771914 3.852370739 -0.009300387 0.694794536 -0.071865477 0.715548337
75199000000.000000 3.048441887 0.461279839 3.852084637 -0.009584701 0.697295785 -0.072666109 0.713026285
75466000000.000000 3.113080740 0.460936189 3.853227139 -0.009994662 0.700054169 -0.072715186 0.710307539
75600000000.000000 3.145434380 0.460447341 3.856735229 -0.010323218 0.701067746 -0.072964236 0.709276855
75867000000.000000 3.201058626 0.464141637 3.860397339 -0.009425339 0.701109052 -0.073462650 0.709197104
76001000000.000000 3.247960567 0.462991565 3.855374575 -0.009482053 0.700610876 -0.073151678 0.709720612
76134000000.000000 3.280552626 0.463441461 3.850049257 -0.009819881 0.699828923 -0.072898388 0.710513175
76268000000.000000 3.316107750 0.461405724 3.847690821 -0.009373988 0.699013889 -0.072396755 0.711372316
76402000000.000000 3.348509789 0.463593334 3.846141338 -0.008500062 0.698874235 -0.072564743 0.711503386
76602000000.000000 3.398190975 0.462084800 3.854968071 -0.008860995 0.699266553 -0.073483214 0.711018980
76802000000.000000 3.437122822 0.457089573 3.846350193 -0.008948616 0.697484851 -0.073157288 0.712799370
77003000000.000000 3.480814934 0.461954892 3.847745895 -0.007318847 0.699011445 -0.074922949 0.711137116
77270000000.000000 3.529532433 0.455588967 3.850658417 -0.007967927 0.700079918 -0.074327692 0.710140944
77404000000.000000 3.562844038 0.463586152 3.844305992 -0.007261596 0.699285865 -0.075463384 0.710810721
77604000000.000000 3.609514713 0.464417726 3.843562603 -0.006694780 0.700066984 -0.076167084 0.709971845
77738000000.000000 3.645464420 0.458996683 3.844626665 -0.007210982 0.700755477 -0.075646028 0.709342957
77938000000.000000 3.695263863 0.461876363 3.840748787 -0.006646337 0.701020241 -0.076407410 0.709005237
78138000000.000000 3.746025801 0.459795028 3.851573229 -0.007330825 0.702231467 -0.076882675 0.707747340
78339000000.000000 3.799446344 0.457188398 3.848850489 -0.007243705 0.702649891 -0.076860271 0.707335234
78606000000.000000 3.862436771 0.457298130 3.843339205 -0.006916597 0.701147437 -0.077322960 0.708777547
78806000000.000000 3.910560846 0.457169592 3.843388557 -0.006826883 0.699868441 -0.077098116 0.710065782
79007000000.000000 3.957520485 0.456898361 3.842770338 -0.006296958 0.698710144 -0.077318698 0.711186647
79207000000.000000 4.003345490 0.455469847 3.844498396 -0.005624125 0.698333442 -0.077025600 0.711593866
79341000000.000000 4.034154892 0.451559395 3.840393543 -0.005763825 0.697582185 -0.076414511 0.712395072
79541000000.000000 4.075990200 0.466304451 3.846353054 -0.005376033 0.697852194 -0.078938805 0.711858273
79742000000.000000 4.123986244 0.459412366 3.833361149 -0.005284912 0.695736468 -0.077924490 0.714038312
80009000000.000000 4.179615498 0.461737305 3.831949234 -0.005027249 0.695422649 -0.078186654 0.714317083
80209000000.000000 4.225845814 0.464662462 3.831090927 -0.004724968 0.695536911 -0.080547333 0.713945508
80476000000.000000 4.288210869 0.461571723 3.830241203 -0.004813271 0.696272254 -0.078529023 0.713452876
80677000000.000000 4.336594582 0.465173692 3.831956863 -0.004887013 0.697960198 -0.079132274 0.711734414
80944000000.000000 4.402777672 0.465589404 3.839310646 -0.004803111 0.701070845 -0.078322366 0.708761036
81078000000.000000 4.438993454 0.464080602 3.828854561 -0.004947687 0.700719297 -0.078089640 0.709133327
81211000000.000000 4.475948811 0.457906455 3.825926304 -0.005442275 0.700884759 -0.077041894 0.709080756
81412000000.000000 4.526679039 0.460799098 3.834288120 -0.005616335 0.701704741 -0.076985873 0.708274066
81545000000.000000 4.560697079 0.465238929 3.831705093 -0.004798896 0.700161576 -0.076829240 0.709822536
81746000000.000000 4.615630627 0.466802984 3.829640388 -0.005148441 0.698269546 -0.076401196 0.711727440
82013000000.000000 4.682841778 0.468632579 3.827891350 -0.005920790 0.695433378 -0.076605029 0.714471161
82146000000.000000 4.716908932 0.464120984 3.833997250 -0.007022011 0.694242418 -0.076203726 0.715661347
82280000000.000000 4.748589039 0.464863092 3.834645748 -0.006201112 0.692343950 -0.076027840 0.717524350
82414000000.000000 4.780115604 0.465021670 3.833419323 -0.006869015 0.689975798 -0.076557435 0.719739676
82614000000.000000 4.834451199 0.466835052 3.838748455 -0.006537468 0.688100338 -0.076066926 0.721587837
82814000000.000000 4.887801647 0.469494760 3.838613510 -0.006263505 0.684840798 -0.077094823 0.724575996
82948000000.000000 4.923434734 0.467741072 3.839602947 -0.006160322 0.683221340 -0.076991558 0.726115108
83148000000.000000 4.973325729 0.474361479 3.845725536 -0.005945052 0.680977762 -0.078407355 0.728070319
83349000000.000000 5.021382809 0.468839109 3.850240707 -0.005583637 0.678033471 -0.077074796 0.730957627
83549000000.000000 5.066074371 0.473769784 3.854431152 -0.005079662 0.675607920 -0.078995310 0.732999265
83683000000.000000 5.095445633 0.471856654 3.856194019 -0.004972796 0.673857749 -0.078508817 0.734661460
83816000000.000000 5.123791218 0.476767540 3.860325336 -0.004173390 0.672314823 -0.079828545 0.735936642
84017000000.000000 5.162687302 0.474506438 3.868274212 -0.003877582 0.670696616 -0.079402268 0.737459362
84284000000.000000 5.215408802 0.478087306 3.870477676 -0.003117576 0.667008162 -0.080197640 0.740715027
84418000000.000000 5.242443085 0.477673650 3.870436192 -0.002801097 0.665638745 -0.080040701 0.741964102
84618000000.000000 5.286546707 0.476891935 3.874304295 -0.002944512 0.663329363 -0.080190420 0.744012773
84752000000.000000 5.318322182 0.476193905 3.881129742 -0.002436542 0.662732601 -0.080563217 0.744506061
84952000000.000000 5.364098072 0.475161254 3.885830879 -0.001940270 0.661266148 -0.081025280 0.745760262
85152000000.000000 5.414614677 0.474541306 3.888641834 -0.001139679 0.660468221 -0.080532148 0.746521950
85353000000.000000 5.463369370 0.473938704 3.891682148 -0.001905413 0.662196338 -0.081214041 0.744913936
85553000000.000000 5.510144234 0.477627277 3.892718315 -0.001094178 0.665704906 -0.081909426 0.741705298
85754000000.000000 5.554452896 0.477590382 3.897147655 -0.000868573 0.669286489 -0.080919690 0.738584459
85887000000.000000 5.588294983 0.475483000 3.902534008 -0.001978894 0.671901166 -0.081962764 0.736089051
86088000000.000000 5.636003494 0.475630820 3.913149357 -0.002059712 0.676508486 -0.082810082 0.731761336
86221000000.000000 5.668066025 0.475630879 3.915436745 -0.002281442 0.680189013 -0.082735486 0.728349268
86422000000.000000 5.718076706 0.476139784 3.916998386 -0.002912325 0.684031487 -0.082886934 0.724722147
86622000000.000000 5.766932964 0.475235939 3.917136192 -0.002301505 0.687116027 -0.083328709 0.721749783
86822000000.000000 5.815494537 0.477696240 3.919002533 -0.001455700 0.688510001 -0.083999589 0.720344305
87023000000.000000 5.863087654 0.479779243 3.918200493 -0.001232717 0.689156890 -0.083936922 0.719733179
87156000000.000000 5.889328957 0.477356017 3.912873745 -0.001102897 0.688657284 -0.082714006 0.720352948
87290000000.000000 5.912196636 0.477305949 3.908242226 -0.000619281 0.687964261 -0.083297729 0.720948279
87490000000.000000 5.964486122 0.476439655 3.907618999 -0.000676496 0.686763465 -0.082384482 0.722196877
87624000000.000000 5.998317242 0.472295463 3.909438610 -0.001239954 0.686647952 -0.082182713 0.722328961
87758000000.000000 6.030978203 0.474261522 3.909338951 -0.000996254 0.685984790 -0.082724474 0.722897351
87958000000.000000 6.078382492 0.469542801 3.910900593 -0.002252462 0.685748875 -0.082389295 0.723156691
88158000000.000000 6.123573303 0.469649494 3.907193184 -0.001330701 0.684533954 -0.082470670 0.724299729
88292000000.000000 6.154241562 0.470165670 3.905606747 -0.001103045 0.684698880 -0.083080716 0.724074483
88426000000.000000 6.176237106 0.466913700 3.895778656 -0.001538947 0.684936285 -0.083218053 0.723833382
88693000000.000000 6.225408554 0.476319313 3.889983177 -0.000298075 0.685719311 -0.082537159 0.723171175
88893000000.000000 6.268312454 0.482518017 3.883677006 0.000430376 0.687271833 -0.082954466 0.721647978
89094000000.000000 6.311723709 0.479247987 3.889418602 -0.000220829 0.690211833 -0.081874415 0.718960464
89294000000.000000 6.353125572 0.488271773 3.875368118 0.000387584 0.691616416 -0.082561381 0.717530727
89494000000.000000 6.406776428 0.480249047 3.881844521 -0.000144978 0.694966316 -0.081848592 0.714368701
89628000000.000000 6.435895920 0.477094829 3.879305363 -0.000691115 0.696721971 -0.081743300 0.712668300
89828000000.000000 6.485233307 0.481230855 3.873776913 0.000089531 0.699046791 -0.082179494 0.710337996
90029000000.000000 6.529500484 0.477213502 3.866935253 -0.000912981 0.701697946 -0.081532881 0.707793474
90229000000.000000 6.569587708 0.474698186 3.872775555 -0.002018286 0.705613911 -0.081338815 0.703909755
90430000000.000000 6.627069950 0.475203097 3.859377384 -0.002656779 0.708233833 -0.082082309 0.701184988
90563000000.000000 6.661698818 0.468541801 3.860873222 -0.004332265 0.711436868 -0.081475824 0.697997510
90697000000.000000 6.692383289 0.468726456 3.850885391 -0.004016947 0.713544250 -0.081662305 0.695823073
90830000000.000000 6.723504066 0.472891986 3.851590157 -0.003619011 0.716197968 -0.082302898 0.693017900
91031000000.000000 6.766619682 0.468198955 3.847793579 -0.004122133 0.718770683 -0.082226411 0.690355361
91164000000.000000 6.800802708 0.463635802 3.839848995 -0.004498322 0.720186055 -0.082435243 0.688851416
91365000000.000000 6.843524933 0.468184173 3.833796024 -0.004348320 0.722902834 -0.084008969 0.685809791
91565000000.000000 6.881584167 0.462144256 3.827121258 -0.004322963 0.724517584 -0.083595105 0.684154570
91699000000.000000 6.909523964 0.460114896 3.825896263 -0.005140033 0.726135731 -0.083681688 0.682420671
91966000000.000000 6.967324257 0.463918507 3.816937447 -0.003637350 0.727432787 -0.084521487 0.680943787
92233000000.000000 7.029621124 0.453468740 3.818051815 -0.004762497 0.729565084 -0.083873451 0.678732216
92434000000.000000 7.080872536 0.450376034 3.804527760 -0.004948198 0.729668498 -0.084514663 0.678540170
92701000000.000000 7.139164448 0.444543540 3.804233551 -0.005695076 0.733553410 -0.084632404 0.674317718
92901000000.000000 7.188656330 0.442386866 3.801825523 -0.007281091 0.739487410 -0.084873311 0.667758882
93168000000.000000 7.256484985 0.444091439 3.787703037 -0.008047223 0.749691665 -0.084750287 0.656288862
93369000000.000000 7.307338238 0.445782602 3.772649288 -0.007905516 0.758341789 -0.085621007 0.646161258
93569000000.000000 7.363655090 0.432861209 3.757535934 -0.010600375 0.767307699 -0.083423078 0.635741413
93703000000.000000 7.400673866 0.424914956 3.752565384 -0.011002048 0.773749352 -0.081641443 0.628112793
93903000000.000000 7.446038723 0.432086408 3.738403797 -0.010508875 0.781654239 -0.082796983 0.618102670
94104000000.000000 7.488071918 0.429996669 3.719109058 -0.009900780 0.787301123 -0.082917623 0.610887587
94237000000.000000 7.522165298 0.429220557 3.711709976 -0.010350526 0.792193651 -0.083211981 0.604481578
94371000000.000000 7.553109169 0.421935856 3.701606750 -0.011275139 0.796625197 -0.082723618 0.598680198
94504000000.000000 7.578946114 0.416158915 3.689912796 -0.011994861 0.801506400 -0.082768030 0.592109084
94638000000.000000 7.606872559 0.420802474 3.683076859 -0.011462165 0.806855261 -0.084769093 0.584523201
94838000000.000000 7.646533966 0.423509657 3.664892197 -0.010090041 0.813497066 -0.085924007 0.575098157
94972000000.000000 7.678744316 0.425863922 3.653100491 -0.009519585 0.819000542 -0.087356716 0.567024171
95106000000.000000 7.710261345 0.423080981 3.639945507 -0.009838257 0.823980987 -0.088524684 0.559572995
95239000000.000000 7.743312836 0.424008608 3.628007889 -0.010061363 0.828604162 -0.089165963 0.552596927
95373000000.000000 7.768094540 0.425826252 3.616075039 -0.009527331 0.832328975 -0.090235084 0.546804726
95573000000.000000 7.814158440 0.420139492 3.600777626 -0.010515160 0.838255882 -0.090137422 0.537672579
95707000000.000000 7.841466427 0.419934273 3.587692738 -0.009661204 0.841504931 -0.090635143 0.532504857
95907000000.000000 7.879745960 0.417700112 3.570987701 -0.009280625 0.846815884 -0.091112085 0.523942232
96108000000.000000 7.910505295 0.413969159 3.554392815 -0.010572490 0.851284921 -0.091192089 0.516610324
96308000000.000000 7.943503380 0.413850904 3.540056229 -0.010693415 0.856141686 -0.092213333 0.508334279
96508000000.000000 7.966752052 0.409531176 3.523687840 -0.010526663 0.861647546 -0.092813596 0.498836994
96776000000.000000 8.001237869 0.405770719 3.503468037 -0.010693288 0.868733823 -0.093663581 0.486224711
96976000000.000000 8.026142120 0.399784207 3.484850407 -0.011634426 0.875739574 -0.094692655 0.473263443
97110000000.000000 8.040681839 0.401649117 3.469432831 -0.011425083 0.879995048 -0.095706597 0.465100437
97310000000.000000 8.069595337 0.393993735 3.451238632 -0.013471057 0.887177467 -0.095202900 0.451299459
97444000000.000000 8.081424713 0.392131984 3.435377598 -0.013067933 0.891385138 -0.095727332 0.442829698
97577000000.000000 8.096500397 0.391820371 3.421644688 -0.013016400 0.895935535 -0.095675848 0.433562249
97778000000.000000 8.114278793 0.386961997 3.400695801 -0.013036598 0.902091503 -0.096232347 0.420476198
97978000000.000000 8.127130508 0.384522915 3.384894371 -0.012843648 0.907967567 -0.096451290 0.407586902
98245000000.000000 8.156665802 0.384739906 3.356595516 -0.012841662 0.914939284 -0.096662983 0.391634524
98512000000.000000 8.171611786 0.381604254 3.339178562 -0.012783605 0.919830859 -0.096707523 0.379993945
98646000000.000000 8.184469223 0.383928090 3.326306343 -0.011764779 0.922515690 -0.097254284 0.373320252
98846000000.000000 8.193431854 0.383213133 3.311029911 -0.012037676 0.926336706 -0.097593546 0.363635778
99047000000.000000 8.210281372 0.378946066 3.291680813 -0.012127603 0.930807471 -0.097383849 0.352089196
99247000000.000000 8.217702866 0.381016135 3.274286747 -0.011783713 0.934124708 -0.097696066 0.343114704
99448000000.000000 8.232915878 0.378816009 3.253322601 -0.010882927 0.937759519 -0.097865112 0.333033293
99581000000.000000 8.246870995 0.376613528 3.240037441 -0.010416035 0.939971983 -0.097763687 0.326782018
99782000000.000000 8.255346298 0.375034571 3.225235939 -0.011285925 0.942872703 -0.097864412 0.318255156
99915000000.000000 8.258247375 0.383797735 3.214092255 -0.008880137 0.944463849 -0.099125490 0.313182771
100049000000.000000 8.269894600 0.372797936 3.204204082 -0.011282061 0.946296394 -0.098530881 0.307713330
100182000000.000000 8.276602745 0.374804080 3.188777685 -0.009382134 0.947826982 -0.099372283 0.302756011
100316000000.000000 8.281715393 0.372343719 3.181324720 -0.011293231 0.949493647 -0.098736808 0.297632813
100450000000.000000 8.289995193 0.372317970 3.169437170 -0.010754728 0.950524688 -0.099009782 0.294252157
100583000000.000000 8.297534943 0.368891537 3.160621405 -0.011072885 0.952227831 -0.099160343 0.288629323
100717000000.000000 8.302292824 0.369618595 3.150660515 -0.009811518 0.953737676 -0.099983066 0.283357680
100850000000.000000 8.309440613 0.367486358 3.135719538 -0.010929083 0.955331147 -0.099906445 0.277923852
101051000000.000000 8.314384460 0.368557781 3.132539749 -0.010457303 0.958043754 -0.100004651 0.268406302
101251000000.000000 8.340400696 0.372930110 3.100621939 -0.013008866 0.961435676 -0.101355106 0.255341679
101452000000.000000 8.347601891 0.372073859 3.079631329 -0.012631019 0.964342535 -0.101690136 0.244014487
101652000000.000000 8.359488487 0.367962807 3.049133301 -0.012386884 0.967254519 -0.102085568 0.232042819
101852000000.000000 8.371643066 0.365592510 3.020307302 -0.012247169 0.969608366 -0.102134414 0.221986920
102053000000.000000 8.374255180 0.363988072 2.996953011 -0.011889492 0.971359313 -0.102031022 0.214265004
102253000000.000000 8.380756378 0.362071723 2.972692013 -0.011654045 0.972896516 -0.102176517 0.207114816
102454000000.000000 8.385623932 0.366110563 2.946309328 -0.011341202 0.974079192 -0.102551855 0.201306343
102654000000.000000 8.393975258 0.362166524 2.917872429 -0.011507548 0.975264311 -0.102144755 0.195687637
102854000000.000000 8.400799751 0.359186769 2.892825603 -0.011246740 0.976545632 -0.102330759 0.189104646
103055000000.000000 8.410468102 0.359784096 2.859894753 -0.010683149 0.977850974 -0.103115045 0.181825936
103255000000.000000 8.424702644 0.349839449 2.828924894 -0.011868329 0.979269505 -0.101692781 0.174782857
103456000000.000000 8.426624298 0.346566886 2.803653479 -0.010784226 0.980058372 -0.102028988 0.170174822
103656000000.000000 8.443247795 0.344659209 2.772843122 -0.010765913 0.981161594 -0.102674201 0.163291365
103856000000.000000 8.450885773 0.344691277 2.741975307 -0.009897109 0.981984496 -0.103512801 0.157777563
104057000000.000000 8.458322525 0.338938326 2.708900213 -0.009799075 0.982628524 -0.103586935 0.153671309
104190000000.000000 8.464032173 0.335127532 2.688370466 -0.009425012 0.982768416 -0.103696033 0.152723804
104324000000.000000 8.471501350 0.332105398 2.680515766 -0.010016074 0.983080089 -0.103190601 0.151013017
104524000000.000000 8.492805481 0.326971471 2.647739649 -0.009873134 0.983730972 -0.103697196 0.146365151
104658000000.000000 8.493415833 0.330016673 2.634924412 -0.009950048 0.983682692 -0.104173645 0.146346182
104858000000.000000 8.508403778 0.327000767 2.606083393 -0.009768699 0.984019876 -0.104463615 0.143864512
104992000000.000000 8.511699677 0.324469030 2.587693453 -0.009611803 0.984206796 -0.104414396 0.142626315
105192000000.000000 8.517228127 0.318485767 2.567599058 -0.009337183 0.984450519 -0.104005136 0.141254917
105326000000.000000 8.521770477 0.318750530 2.544506788 -0.009094406 0.984534144 -0.104373090 0.140414298
105526000000.000000 8.524383545 0.317447662 2.516145468 -0.009372232 0.984475195 -0.104948893 0.140380114
105660000000.000000 8.529129982 0.312785804 2.506293297 -0.008974027 0.984471440 -0.104665734 0.140643463
105794000000.000000 8.538978577 0.307934165 2.495120049 -0.008563618 0.984588504 -0.104241766 0.140163794
105927000000.000000 8.544288635 0.311440825 2.461611509 -0.008241698 0.984537482 -0.105304018 0.139746591
106061000000.000000 8.549098015 0.307457268 2.443712473 -0.007823688 0.984830558 -0.105139613 0.137815714
106261000000.000000 8.546802521 0.300101995 2.421263218 -0.007744889 0.985405207 -0.105233334 0.133576229
106462000000.000000 8.545088768 0.298024416 2.385960817 -0.007759156 0.985868573 -0.106131144 0.129379809
106662000000.000000 8.554114342 0.298179567 2.360134363 -0.007978165 0.986785114 -0.106198378 0.122120604
106862000000.000000 8.564589500 0.294318587 2.329585075 -0.007938998 0.987404644 -0.106337450 0.116882131
106996000000.000000 8.570591927 0.294661194 2.310320854 -0.007707036 0.987737775 -0.106543303 0.113856405
107196000000.000000 8.575206757 0.294784784 2.295360088 -0.008133893 0.988260031 -0.106904306 0.108846232
107397000000.000000 8.573799133 0.292567015 2.265820026 -0.008921375 0.988609135 -0.107745178 0.104706526
107597000000.000000 8.583387375 0.286388695 2.236215353 -0.008627236 0.989240766 -0.107388973 0.098974399
107798000000.000000 8.582775116 0.286916465 2.210132122 -0.008661293 0.989561796 -0.107940495 0.095086120
107998000000.000000 8.583245277 0.282796025 2.174680948 -0.008793828 0.990135908 -0.107610539 0.089295186
108198000000.000000 8.584790230 0.280736566 2.135630131 -0.008662974 0.990588725 -0.108026870 0.083601624
108332000000.000000 8.588260651 0.271468461 2.114046097 -0.008779098 0.991082788 -0.106636479 0.079413697
108466000000.000000 8.594499588 0.274277300 2.087643623 -0.008407069 0.991331637 -0.106880143 0.075944357
108666000000.000000 8.592947006 0.267785490 2.050144672 -0.007973100 0.991802871 -0.105714954 0.071329109
108866000000.000000 8.594540596 0.267547578 2.015108109 -0.008085761 0.992088675 -0.106207222 0.066443376
109134000000.000000 8.593667030 0.256578982 1.969428539 -0.008009009 0.992711782 -0.104650684 0.059223849
109267000000.000000 8.593132973 0.260190248 1.948083162 -0.008246374 0.992880106 -0.105225965 0.055213895
109468000000.000000 8.594600677 0.253858179 1.909592748 -0.008376691 0.993380547 -0.103995107 0.048062149
109668000000.000000 8.597899437 0.246063903 1.879309773 -0.008648248 0.993810475 -0.102461286 0.042043723
109868000000.000000 8.593557358 0.243330777 1.841770649 -0.008914614 0.994051278 -0.102180995 0.036628634
110002000000.000000 8.590998650 0.245778427 1.817504168 -0.009609388 0.994093597 -0.102692403 0.033763260
110202000000.000000 8.598277092 0.241656229 1.786595106 -0.009562596 0.994274497 -0.102603786 0.028272873
110403000000.000000 8.590448380 0.235923186 1.753522635 -0.010705146 0.994431496 -0.101998650 0.024243305
110536000000.000000 8.587171555 0.235709757 1.730176210 -0.010834879 0.994411767 -0.102747522 0.021696810
110670000000.000000 8.589742661 0.236493081 1.705209494 -0.011175208 0.994442582 -0.103134394 0.017957333
110870000000.000000 8.586108208 0.224634767 1.675367355 -0.011412708 0.994659364 -0.101677261 0.013570839
111138000000.000000 8.577453613 0.219650805 1.629930139 -0.011784020 0.994795322 -0.101060517 0.005505078
111338000000.000000 8.577215195 0.215672970 1.589262009 0.011746323 -0.994867384 0.100481413 0.002127543
111472000000.000000 8.562794685 0.214565963 1.569213152 0.011336563 -0.994765103 0.101493418 0.003612056
111672000000.000000 8.561606407 0.211940020 1.536615133 0.011017087 -0.994627416 0.102518491 0.009214117
111872000000.000000 8.560418129 0.203303456 1.499336243 0.011308010 -0.994519472 0.102970243 0.014153095
112140000000.000000 8.556488037 0.195430398 1.455730915 0.011584061 -0.994420230 0.103297181 0.018000705
112273000000.000000 8.556498528 0.192973524 1.434145451 0.012038710 -0.994356275 0.103598692 0.019445557
112474000000.000000 8.553756714 0.191103905 1.400496960 0.011546558 -0.994275808 0.104389817 0.019623235
112674000000.000000 8.556779861 0.187411934 1.368654013 0.011988193 -0.994141161 0.105270892 0.021394208
112808000000.000000 8.559039116 0.184994012 1.351178408 0.011909998 -0.994084775 0.105550550 0.022646567
113008000000.000000 8.558492661 0.182033092 1.314541101 0.011479952 -0.993980944 0.106008373 0.025145791
113208000000.000000 8.550553322 0.183228701 1.276309729 0.011660289 -0.993756115 0.106906973 0.029727541
113342000000.000000 8.546816826 0.177624375 1.256371021 0.011678930 -0.993632317 0.106823556 0.033871032
113542000000.000000 8.547510147 0.170424640 1.225240946 0.012795423 -0.993242800 0.106978342 0.043135680
113810000000.000000 8.542450905 0.171467096 1.179990053 0.012722350 -0.992563188 0.107060052 0.056520745
114077000000.000000 8.538097382 0.161902487 1.146885633 0.011652117 -0.992025018 0.105612196 0.067799062
114277000000.000000 8.545418739 0.159096479 1.124510050 0.011130358 -0.991366804 0.104874954 0.077905335
114478000000.000000 8.531557083 0.155681014 1.097235203 0.009876247 -0.990636528 0.104074590 0.087808400
114678000000.000000 8.526676178 0.156776369 1.069762707 0.009405935 -0.989642143 0.103816897 0.098702185
114945000000.000000 8.522778511 0.155322194 1.030988216 0.009281272 -0.988021135 0.103074647 0.114471659
115079000000.000000 8.517699242 0.152247190 1.017698288 0.008513803 -0.987201631 0.102854438 0.121579185
115279000000.000000 8.517218590 0.145292759 0.996954441 0.007512660 -0.985849738 0.102548100 0.132392332
115546000000.000000 8.499828339 0.148522437 0.966614246 0.008366850 -0.984472752 0.102248065 0.142438412
115747000000.000000 8.489456177 0.145230949 0.947998524 0.007835573 -0.983197212 0.102077179 0.151136309
115947000000.000000 8.479658127 0.147553802 0.926360130 0.007771348 -0.981727600 0.102527015 0.160121217
116148000000.000000 8.477807999 0.141839206 0.913197041 0.008093002 -0.980372488 0.100831777 0.169225559
116281000000.000000 8.477753639 0.139356554 0.903570175 0.008298405 -0.979317486 0.100702807 0.175292224
116482000000.000000 8.465145111 0.133530676 0.884078979 0.007896356 -0.977784753 0.100232787 0.183924347
116682000000.000000 8.455060005 0.138086498 0.864875317 0.007397209 -0.975880921 0.100914150 0.193437681
116949000000.000000 8.448175430 0.130473435 0.836121082 0.007208778 -0.973272502 0.099607922 0.206801727
117083000000.000000 8.437733650 0.128492057 0.823276997 0.007279090 -0.972097754 0.099201553 0.212443054
117216000000.000000 8.432723999 0.131224811 0.810476303 0.007578056 -0.970637023 0.099569015 0.218843341
117484000000.000000 8.421470642 0.124854982 0.785673618 0.007299069 -0.967618167 0.099142730 0.232018560
117617000000.000000 8.403409958 0.135434210 0.767399788 0.007629070 -0.966154695 0.101244874 0.237142265
117751000000.000000 8.399326324 0.132654667 0.757473946 0.006992926 -0.965029776 0.100978360 0.241809919
117885000000.000000 8.391184807 0.125483990 0.747384548 0.006157688 -0.964061379 0.100418687 0.245893925
118085000000.000000 8.379913330 0.127846956 0.724046707 0.006532550 -0.962176740 0.101575993 0.252696663
118218000000.000000 8.372722626 0.131550729 0.711956978 0.006320984 -0.961155176 0.102416374 0.256226063
118486000000.000000 8.352629662 0.136846602 0.690093994 0.006002734 -0.959036589 0.104184717 0.263359815
118686000000.000000 8.337990761 0.135464191 0.666095734 0.006379867 -0.957246065 0.104859643 0.269525051
118953000000.000000 8.319420815 0.132864356 0.644190788 0.006251679 -0.954900086 0.104408100 0.277895331
119154000000.000000 8.301881790 0.131855667 0.624183655 0.006445623 -0.953029633 0.104528792 0.284195065
119421000000.000000 8.283615112 0.129771471 0.597221375 0.006653429 -0.950263441 0.104575083 0.293290436
119621000000.000000 8.266864777 0.121320188 0.576578140 0.006421837 -0.947620153 0.104201876 0.301855654
119755000000.000000 8.255599022 0.118488550 0.566033363 0.006558493 -0.946051240 0.103720121 0.306897581
119955000000.000000 8.239116669 0.115900993 0.546947479 0.006307385 -0.942815244 0.103619687 0.316737413
120156000000.000000 8.217176437 0.113671541 0.524058342 0.006392646 -0.938713372 0.103908502 0.328602433
120356000000.000000 8.195363045 0.116830587 0.499752045 0.007430377 -0.933658838 0.103915520 0.342677146
120557000000.000000 8.162076950 0.115449786 0.471556664 0.006931611 -0.928520441 0.102559321 0.356768161
120757000000.000000 8.147746086 0.105112433 0.455508232 0.006237680 -0.924594164 0.100824378 0.367316335
120891000000.000000 8.128090858 0.104794860 0.438741684 0.005500741 -0.922046244 0.101067796 0.373611838
121158000000.000000 8.101066589 0.106038570 0.414360046 0.006282934 -0.917196572 0.100732088 0.385440052
121291000000.000000 8.087666512 0.105217934 0.403102875 0.005852530 -0.914610267 0.100832582 0.391518384
121492000000.000000 8.062723160 0.103181362 0.390178680 0.005709407 -0.911106884 0.100201465 0.399764150
121759000000.000000 8.035276413 0.104748368 0.371174812 0.005544808 -0.906366110 0.100116536 0.410422266
122026000000.000000 8.010531425 0.098938227 0.352812767 0.005642844 -0.900869906 0.099365756 0.422525853
122227000000.000000 7.990443230 0.096031904 0.340660095 0.005169410 -0.897643209 0.099091820 0.429407477
122360000000.000000 7.980008602 0.088471055 0.334002495 0.005193368 -0.895380318 0.097729072 0.434414744
122561000000.000000 7.962403774 0.089376688 0.322884560 0.004763658 -0.891882718 0.097628243 0.441578239
122828000000.000000 7.946474075 0.082285643 0.310902596 0.004930724 -0.886227310 0.095390208 0.453296334
123028000000.000000 7.920525551 0.083449721 0.296195030 0.004792260 -0.880703628 0.095540524 0.463907510
123162000000.000000 7.904386997 0.081695080 0.289031029 0.005204200 -0.876852810 0.095117114 0.471226960
123362000000.000000 7.882810593 0.077277184 0.274599075 0.005231477 -0.869904220 0.094602361 0.484034956
123563000000.000000 7.852957726 0.078385592 0.258423805 0.005215839 -0.863090932 0.093693979 0.496254236
123763000000.000000 7.830195427 0.075601220 0.251299858 0.004838530 -0.856778681 0.092308402 0.507332325
123963000000.000000 7.805658340 0.081072569 0.238912582 0.005831314 -0.850574374 0.092307754 0.517656863
124097000000.000000 7.793578148 0.077651501 0.234411240 0.005459571 -0.847498000 0.091828637 0.522766531
124231000000.000000 7.782702446 0.073269963 0.232620239 0.005092581 -0.844654143 0.090803608 0.527530372
124364000000.000000 7.772616386 0.075380802 0.225812912 0.005451704 -0.841608405 0.090032518 0.532503366
124565000000.000000 7.752849579 0.076105356 0.219713211 0.004103332 -0.837531745 0.090458699 0.538832963
124765000000.000000 7.736872673 0.079160094 0.216401100 0.004572168 -0.833358467 0.089456365 0.545426846
124965000000.000000 7.716531754 0.076886058 0.211220741 0.003527958 -0.828501225 0.089406028 0.552792728
125233000000.000000 7.682930946 0.074131668 0.195906639 0.003233596 -0.821238995 0.087192401 0.563873708
125433000000.000000 7.652414322 0.076365650 0.186241150 0.003731052 -0.815734625 0.086453103 0.571917057
125633000000.000000 7.627753258 0.072210789 0.181505203 0.002625562 -0.811659098 0.085611477 0.577817798
125834000000.000000 7.600694180 0.067849159 0.172785759 0.001553451 -0.807565391 0.085179687 0.583592474
126034000000.000000 7.570429325 0.071919143 0.162969589 0.002077065 -0.803528666 0.084767878 0.589195848
126168000000.000000 7.552469254 0.073152900 0.158571243 0.001764878 -0.801389396 0.085409634 0.592011094
126368000000.000000 7.523061275 0.069808900 0.151644707 0.001027954 -0.797177315 0.084563948 0.597792804
126569000000.000000 7.490634918 0.066304326 0.140972137 0.000490229 -0.792332172 0.082937971 0.604426026
126702000000.000000 7.468628883 0.065790236 0.139158249 0.000232313 -0.789104700 0.082549766 0.608686626
126903000000.000000 7.435722351 0.066259503 0.129072189 0.000615839 -0.783362150 0.082220718 0.616103232
127103000000.000000 7.400546074 0.071420312 0.123612404 0.001604080 -0.778512299 0.082169704 0.622225165
127370000000.000000 7.368131638 0.075851560 0.124269485 0.001042022 -0.773359597 0.082653053 0.628555834
127571000000.000000 7.326272964 0.067938089 0.109023094 0.000560183 -0.768429339 0.081178315 0.634764612
127704000000.000000 7.302904129 0.070849478 0.112492561 0.000186248 -0.765713990 0.081724033 0.637968063
127971000000.000000 7.261354446 0.069984913 0.104649544 0.000179711 -0.759454489 0.080948398 0.645504713
128239000000.000000 7.209017277 0.072463095 0.100680351 -0.000034851 -0.753772557 0.080469482 0.652189851
128439000000.000000 7.172594070 0.070520461 0.104825974 -0.000821565 -0.750187993 0.079469807 0.656431258
128573000000.000000 7.143665791 0.075690746 0.096841335 0.000814090 -0.746883690 0.079494894 0.660185337
128773000000.000000 7.100312233 0.073427677 0.094865322 0.000528486 -0.743698597 0.078470066 0.663893521
128907000000.000015 7.076776028 0.073042572 0.091817379 0.000436672 -0.740465224 0.079042077 0.667430460
129107000000.000000 7.033367634 0.070926905 0.086118698 0.000673352 -0.735670149 0.077874154 0.672848105
129241000000.000015 7.000849247 0.076136887 0.088096142 0.001663835 -0.732007325 0.078342006 0.676775575
129508000000.000015 6.937489510 0.073886037 0.085102081 0.001376095 -0.723165393 0.078050502 0.686249256
129708000000.000000 6.892446041 0.077791274 0.090286255 0.002592555 -0.717532933 0.079438798 0.691974998
129842000000.000015 6.862034321 0.076587439 0.091432095 0.003226202 -0.714287221 0.079417907 0.695324540
129975000000.000000 6.831747532 0.072855711 0.090417385 0.003418837 -0.711443543 0.079043113 0.698275506
130109000000.000015 6.806009293 0.076552451 0.095040798 0.004642874 -0.709808409 0.080184013 0.699800730
130243000000.000000 6.772939682 0.071541965 0.086687565 0.005590209 -0.706016004 0.078423008 0.703818262
130443000000.000015 6.730289936 0.076907516 0.095882893 0.006431140 -0.703839004 0.079567552 0.705860078
130643000000.000000 6.680002689 0.075137734 0.093269825 0.005869121 -0.700276136 0.078091376 0.709563673
130844000000.000000 6.629343033 0.079711556 0.104109764 0.005448957 -0.698130429 0.078490116 0.711634398
130977000000.000000 6.594350815 0.078938782 0.107992649 0.005665150 -0.696115732 0.077645212 0.713696063
131178000000.000000 6.542604446 0.078137219 0.114026070 0.004597589 -0.692350030 0.076493181 0.717481077
131377999999.999985 6.489686012 0.082704484 0.124354839 0.003679361 -0.688039064 0.075869039 0.721687317
131512000000.000000 6.453479290 0.082485437 0.123390675 0.003367819 -0.684709132 0.074478775 0.724993169
131711999999.999985 6.405237675 0.085890055 0.137997627 0.002689783 -0.681368053 0.075050622 0.728078127
131846000000.000000 6.368258476 0.091604114 0.139988422 0.002613726 -0.678866029 0.075178891 0.730398774
131979000000.000015 6.339209557 0.086951554 0.151657104 0.001081608 -0.677978754 0.074562937 0.731289268
132180000000.000000 6.287016392 0.090792894 0.151546001 0.000930114 -0.675237060 0.074889511 0.733788610
132380000000.000000 6.236854076 0.093896568 0.162005424 0.001760281 -0.675659955 0.075871900 0.733296633
132646999999.999985 6.179130077 0.095449507 0.168180466 0.002550229 -0.675495207 0.076289229 0.733402848
132781000000.000000 6.150191307 0.091903150 0.168793678 0.002429594 -0.676320136 0.075360484 0.732738674
132914999999.999985 6.116641998 0.095797658 0.178040504 0.002488883 -0.679781139 0.076242872 0.729437172
133115000000.000015 6.065005779 0.091730177 0.182773590 0.002742801 -0.683226943 0.075305708 0.726307452
133315000000.000000 6.014153957 0.091597438 0.187850475 0.002705140 -0.685942292 0.076097362 0.723660946
133583000000.000000 5.954699039 0.081934512 0.191870689 0.001534351 -0.688753486 0.075009264 0.721103251
133782999999.999985 5.908116341 0.085621297 0.198380470 0.002182277 -0.689835012 0.076156192 0.719946682
133983000000.000000 5.859133244 0.086274624 0.203567028 0.002766729 -0.689673305 0.075662754 0.720151544
134184000000.000000 5.812920570 0.083366811 0.212148666 0.002610164 -0.689875066 0.074347191 0.720095873
134317000000.000000 5.782164097 0.081949532 0.216584206 0.002105074 -0.689513087 0.074369490 0.720441878
134518000000.000000 5.734168530 0.085048318 0.227118015 0.002098290 -0.689666152 0.075214148 0.720207691
134785000000.000000 5.676750183 0.086253107 0.228598595 0.004088848 -0.690264225 0.074427582 0.719707668
134985000000.000015 5.631526947 0.087878168 0.235565662 0.004513073 -0.692873478 0.075342923 0.717097938
135186000000.000000 5.585037231 0.087068379 0.242450237 0.003412393 -0.696973205 0.075813405 0.713070273
135453000000.000000 5.523273945 0.088068128 0.251035213 0.003564710 -0.704460025 0.077075243 0.705537200
135652999999.999985 5.478928566 0.088245690 0.258828163 0.003672514 -0.710317135 0.077723391 0.699567914
135787000000.000000 5.450759888 0.089366019 0.263001442 0.002713287 -0.713611841 0.077697895 0.696213901
136054000000.000000 5.389781952 0.088344693 0.266681194 0.002788726 -0.716859221 0.077596799 0.692880809
136321000000.000000 5.323339939 0.089393497 0.270167828 0.002836577 -0.719303489 0.078800380 0.690206468
136521999999.999985 5.273254871 0.088058531 0.271322727 0.002253723 -0.721714318 0.077884287 0.687791705
136722000000.000015 5.229709148 0.086194992 0.269521236 0.001464935 -0.724409163 0.078769460 0.684853792
136923000000.000000 5.185238838 0.085554361 0.266230583 0.001377188 -0.728794694 0.079690501 0.680077851
137122999999.999985 5.147398472 0.084413767 0.267366886 0.001806210 -0.735393822 0.080624171 0.672824323
137323000000.000000 5.106474876 0.080979347 0.261192322 0.002553677 -0.741766930 0.080651596 0.665785789
137524000000.000000 5.069062233 0.084360600 0.253557682 0.003473226 -0.747084141 0.082003430 0.659642816
137791000000.000000 5.011743546 0.081001401 0.242310524 0.003445243 -0.754063368 0.082613878 0.651576281
137991000000.000000 4.970059395 0.079495251 0.233118057 0.003457988 -0.760004282 0.083866403 0.644474983
138192000000.000000 4.922903061 0.078069031 0.228109837 0.003959324 -0.764031768 0.084462784 0.639613867
138392000000.000000 4.879147530 0.076008081 0.220391273 0.004805283 -0.768203318 0.084728196 0.634556293
138526000000.000000 4.850195408 0.074661076 0.217482567 0.005128025 -0.770532608 0.085228518 0.631656051
138659000000.000000 4.819425106 0.073947787 0.214370728 0.004998879 -0.772728980 0.085896894 0.628877342
138860000000.000000 4.781249046 0.076245189 0.200443268 0.006860570 -0.774054766 0.086494908 0.627145052
138993000000.000000 4.750384808 0.073845088 0.194250584 0.007326500 -0.776177466 0.086781174 0.624470949
139127000000.000000 4.717129230 0.075967193 0.187842369 0.008335643 -0.779030502 0.086785413 0.620894730
139327000000.000000 4.673669338 0.067603469 0.176657200 0.007801889 -0.783886850 0.086789116 0.614758670
139461000000.000000 4.646137714 0.065955937 0.169830799 0.007792944 -0.786974311 0.087006681 0.610770524
139661000000.000000 4.603893757 0.066990614 0.163299561 0.008466055 -0.792145073 0.088153183 0.603873849
139929000000.000000 4.552155972 0.064541936 0.147306442 0.007904409 -0.799838960 0.089187071 0.593498766
140129000000.000000 4.508901119 0.062452912 0.133697987 0.008272423 -0.805610776 0.090139650 0.585489333
140263000000.000000 4.481975555 0.059593797 0.125451565 0.008794366 -0.809761703 0.089504242 0.579825521
140463000000.000000 4.445650578 0.065537810 0.116917133 0.010026903 -0.815970480 0.091779940 0.570673347
140663000000.000000 4.409504414 0.066359699 0.107014179 0.010202982 -0.819567680 0.092861943 0.565315366
140797000000.000000 4.389430046 0.065785348 0.108760834 0.010427037 -0.822372437 0.093095183 0.561184704
140931000000.000000 4.363247871 0.059954882 0.103384495 0.009018189 -0.824155569 0.093071938 0.558591008
141131000000.000000 4.325420856 0.060038447 0.084809780 0.009181200 -0.825896382 0.094057210 0.555845499
141265000000.000000 4.299030304 0.055877626 0.077050686 0.009176836 -0.828477979 0.093566768 0.552073658
141398000000.000000 4.275357246 0.049599588 0.049143791 0.008674176 -0.829135895 0.093580976 0.551090896
141665000000.000000 4.222869396 0.053381264 0.027569771 0.008923727 -0.832840025 0.095642559 0.545114934
141866000000.000000 4.188441753 0.050598383 0.015064240 0.009949366 -0.836067796 0.095596209 0.540141642
142066000000.000000 4.152260780 0.044778228 -0.006532669 0.008879881 -0.838468850 0.095775172 0.536393821
142333000000.000000 4.100720882 0.041100800 -0.046579361 0.008110074 -0.840065002 0.097189389 0.533647180
142534000000.000000 4.065338612 0.036737740 -0.058034897 0.008099159 -0.843045771 0.096642822 0.529025912
142667000000.000000 4.040578365 0.035061598 -0.072010517 0.008054721 -0.844006956 0.096853875 0.527453125
142801000000.000000 4.011947155 0.039293289 -0.087293625 0.008164590 -0.844494045 0.098143131 0.526432395
143001000000.000000 3.974817753 0.032938123 -0.102921963 0.008848597 -0.845485747 0.096676357 0.525099337
143202000000.000000 3.937273741 0.033359826 -0.126040936 0.008737236 -0.845105290 0.097405061 0.525578737
143335000000.000000 3.916354656 0.028473914 -0.135724545 0.008310784 -0.845058382 0.096792795 0.525774181
143536000000.000000 3.870204926 0.023344278 -0.173789501 0.008278821 -0.842747867 0.096327998 0.529555023
143736000000.000000 3.831140995 0.021393538 -0.194125652 0.008213731 -0.841186821 0.096569717 0.531988323
143937000000.000000 3.789711475 0.012744069 -0.215974808 0.007722378 -0.837773085 0.095309980 0.537580311
144204000000.000000 3.739933014 0.013060629 -0.235402107 0.007234662 -0.834164143 0.096003629 0.543048143
144471000000.000000 3.674165249 0.012117326 -0.264806271 0.008126381 -0.829443812 0.095811941 0.550251722
144671000000.000000 3.628690004 0.003102183 -0.284989357 0.007101969 -0.824098706 0.093661465 0.558604062
144872000000.000000 3.592585087 -0.001358271 -0.309544563 0.006618393 -0.818000317 0.092878483 0.567631304
145139000000.000000 3.538506985 -0.003074646 -0.331725597 0.006714914 -0.809747994 0.092102081 0.579465628
145339000000.000000 3.502053976 -0.007037550 -0.348471642 0.006000352 -0.802589476 0.090536773 0.589590847
145540000000.000000 3.463554859 -0.008594394 -0.360516071 0.005486507 -0.793427229 0.089759178 0.601985455
145740000000.000000 3.422836304 -0.011491477 -0.366885185 0.004960797 -0.782685101 0.087679312 0.616191387
145941000000.000000 3.388748407 -0.013186485 -0.373264074 0.004760608 -0.768346369 0.086401299 0.634157717
146141000000.000000 3.347808361 -0.012661457 -0.381376266 0.004485785 -0.753692269 0.084819265 0.651715815
146275000000.000000 3.323230267 -0.012679279 -0.380562305 0.004147050 -0.744558334 0.083974183 0.662241757
146475000000.000000 3.288393021 -0.013241023 -0.382004976 0.004531213 -0.730027318 0.082563035 0.678397417
146675000000.000000 3.251110315 -0.016100556 -0.380511522 0.003504605 -0.714599133 0.080233693 0.694908857
146876000000.000000 3.213966608 -0.012276024 -0.374880791 0.004632782 -0.697786212 0.079047084 0.711916149
147143000000.000000 3.163217545 -0.011459023 -0.365430832 0.003880363 -0.673306763 0.077419616 0.735288501
147343000000.000000 3.129728556 -0.012565613 -0.355515480 0.002644048 -0.655812562 0.075269058 0.751157522
147544000000.000000 3.095541000 -0.010437369 -0.350696802 0.002700453 -0.637068450 0.073169947 0.767321765
147744000000.000000 3.063696623 -0.011744529 -0.338118792 0.002087062 -0.617580950 0.070785061 0.783312738
147945000000.000000 3.033513308 -0.006020501 -0.323758602 0.002265115 -0.596083641 0.068808615 0.799965382
148212000000.000000 2.986973286 -0.005724609 -0.298166513 0.001057238 -0.563490093 0.064818136 0.823575377
148412000000.000000 2.952886343 -0.003412247 -0.279758334 0.000873052 -0.537263513 0.061980087 0.841133654
148679000000.000000 2.902178764 0.001003712 -0.250740767 -0.000233864 -0.504171550 0.059604760 0.861544132
148880000000.000000 2.870556831 0.001246974 -0.227230191 -0.001615511 -0.486535013 0.057575583 0.871760368
149080000000.000000 2.840113163 0.003126949 -0.209810615 -0.002060185 -0.475906461 0.056617431 0.877669275
149347000000.000000 2.789480448 0.005558655 -0.176951051 -0.002053247 -0.472567379 0.057007954 0.879446447
149481000000.000000 2.762452602 0.006919041 -0.158013701 -0.002073376 -0.474610895 0.057191830 0.878333271
149748000000.000000 2.708245277 0.010830849 -0.126999736 -0.000510450 -0.483565480 0.059801560 0.873262823
149949000000.000000 2.667214632 0.015317813 -0.105664134 0.001317487 -0.492775291 0.061217070 0.867999613
150149000000.000000 2.632420063 0.013705879 -0.091555595 0.001228841 -0.503997862 0.061936848 0.861480474
150416000000.000000 2.590843678 0.015251011 -0.079954386 0.002384722 -0.520844162 0.064581327 0.851202130
150683000000.000000 2.551465511 0.016875237 -0.069973350 0.003379701 -0.541886270 0.067249186 0.837750196
150951000000.000000 2.503183603 0.016944453 -0.063901186 0.004046941 -0.563338697 0.069008656 0.823329210
151084000000.000000 2.475433350 0.016757861 -0.061240554 0.004177826 -0.575244188 0.069822758 0.814985573
151351000000.000000 2.417228699 0.014757127 -0.051869869 0.004867593 -0.598788321 0.072211914 0.797630429
151485000000.000000 2.387490988 0.014213949 -0.048805594 0.004704233 -0.609090865 0.073300853 0.789691806
151619000000.000000 2.359801054 0.016857073 -0.048681140 0.005863074 -0.617381155 0.073863216 0.783166945
151752000000.000000 2.328031540 0.014775753 -0.043218613 0.005118203 -0.624116838 0.074121051 0.777790487
151886000000.000000 2.294516087 0.015755251 -0.035983801 0.005399692 -0.628593385 0.074223116 0.774165511
152086000000.000000 2.244184256 0.016867816 -0.029428363 0.005019258 -0.632426500 0.073923238 0.771068633
152287000000.000000 2.194231033 0.019167766 -0.018008232 0.005098202 -0.636195362 0.074621841 0.767893910
152420000000.000000 2.158669710 0.019059554 -0.011261582 0.004676446 -0.638366044 0.074643254 0.766090870
152554000000.000000 2.123548031 0.020802945 -0.004300833 0.005433451 -0.640959740 0.075127773 0.763869762
152687000000.000000 2.095276833 0.020835727 -0.004406095 0.005834640 -0.642208278 0.074993938 0.762830555
152888000000.000000 2.048171520 0.021442115 0.005597472 0.005495179 -0.645051122 0.075143412 0.760415852
153088000000.000000 2.004857540 0.021544263 0.011384606 0.005446922 -0.644565165 0.075506702 0.760792255
153222000000.000000 1.972562313 0.023833290 0.014993548 0.006404663 -0.644506335 0.075579263 0.760827482
153422000000.000000 1.927909851 0.025076181 0.021420479 0.005603074 -0.645268440 0.075783215 0.760167181
153623000000.000000 1.881608009 0.024283141 0.025914907 0.005592047 -0.646948993 0.075900324 0.758725882
153823000000.000000 1.829627514 0.023763224 0.030275106 0.006824186 -0.648928344 0.076359525 0.756977320
153957000000.000000 1.794996619 0.018683329 0.031594753 0.006080599 -0.650578499 0.075779155 0.755624294
154157000000.000000 1.750676990 0.023286492 0.038000584 0.007103104 -0.652043939 0.076949902 0.754232764
154357000000.000000 1.703268290 0.021417826 0.042763710 0.007209096 -0.653172672 0.077012777 0.753247976
154558000000.000000 1.654455185 0.025541604 0.045714974 0.008571221 -0.652582228 0.077091351 0.753737390
154691000000.000000 1.620381951 0.026612341 0.049534917 0.009051955 -0.652565062 0.077774592 0.753676414
154959000000.000000 1.550257564 0.022152424 0.052595258 0.010105714 -0.650553226 0.077004731 0.755479097
155092000000.000000 1.512684226 0.020957641 0.053498149 0.009592162 -0.648522794 0.076700017 0.757260382
155226000000.000000 1.477113128 0.020757742 0.060166836 0.009404481 -0.648219407 0.077174440 0.757474303
155493000000.000000 1.405655622 0.019049771 0.067144752 0.010554060 -0.645742118 0.077127613 0.759576917
155693000000.000000 1.350718975 0.019736074 0.075116158 0.010246206 -0.643928289 0.077584438 0.761072993
155894000000.000000 1.300548673 0.016045943 0.074364424 0.009589235 -0.641944826 0.076689020 0.762845874
156094000000.000000 1.253755927 0.014723659 0.080644131 0.009387257 -0.640601516 0.076936841 0.763951838
156295000000.000000 1.205004811 0.013306499 0.085321188 0.009176026 -0.639598906 0.076692298 0.764818609
156428000000.000000 1.169957161 0.011215940 0.092247248 0.008475613 -0.640148342 0.076169252 0.764419079
156629000000.000000 1.120851398 0.013350844 0.093474150 0.009418509 -0.640102327 0.076836407 0.764379799
156829000000.000000 1.072579265 0.010598004 0.096764028 0.008895767 -0.639641464 0.076972410 0.764758050
157096000000.000000 1.008277774 0.010877296 0.102745473 0.009457741 -0.641120493 0.077350147 0.763473690
157297000000.000000 0.960247457 0.010108210 0.105791628 0.009253451 -0.641226232 0.076387674 0.763484299
157497000000.000000 0.913053155 0.009543411 0.110652864 0.009019662 -0.642340243 0.076504678 0.762538314
157697000000.000000 0.868884504 0.007322751 0.114894450 0.008999522 -0.642728984 0.076114923 0.762249947
157965000000.000000 0.813548326 0.005375631 0.128131568 0.008491348 -0.647890747 0.075577274 0.757927120
158165000000.000000 0.773783743 0.002836622 0.126561344 0.008423566 -0.651562095 0.076966517 0.754633725
158432000000.000000 0.723189592 0.000103727 0.131350040 0.008098924 -0.661746502 0.079025783 0.745507240
158699000000.000000 0.673975289 0.007454164 0.129363924 0.011094534 -0.675633073 0.082066134 0.732572198
158900000000.000000 0.635547519 0.003441587 0.127785891 0.011372764 -0.689183772 0.083159007 0.719709039
159033000000.000000 0.609894872 0.002495743 0.123865128 0.011826729 -0.699223936 0.084870301 0.709748626
159234000000.000000 0.573853970 0.001414441 0.120470077 0.012086847 -0.715832293 0.087324739 0.692684948
159367000000.000000 0.551160693 0.000631966 0.111464500 0.013256568 -0.726550043 0.088618726 0.681245983
159568000000.000000 0.520820081 -0.001892440 0.093702763 0.013345054 -0.740595579 0.090087183 0.665751100
159768000000.000000 0.489739746 -0.002523109 0.071047306 0.014316274 -0.750459969 0.092112541 0.654308915
159969000000.000000 0.452552140 -0.007990241 0.052292854 0.014229723 -0.760275602 0.092803307 0.642780066
160169000000.000000 0.417314321 -0.008571822 0.029295295 0.015471813 -0.766999722 0.094172493 0.634510517
160369000000.000000 0.378916711 -0.013788048 0.003394514 0.015849767 -0.770014822 0.094682768 0.630762339
160570000000.000000 0.340980738 -0.019447848 -0.020018429 0.014981613 -0.772436619 0.094851457 0.627790093
160770000000.000000 0.307258248 -0.020583056 -0.043157905 0.015527465 -0.773235440 0.095476501 0.626697779
160971000000.000000 0.274359107 -0.027023792 -0.060574144 0.014799268 -0.773550749 0.094737962 0.626438379
161171000000.000000 0.239525586 -0.031865690 -0.068420798 0.013708766 -0.771861076 0.093459621 0.628735125
161371000000.000000 0.204221398 -0.034027059 -0.080015600 0.013499870 -0.766597271 0.092820264 0.635240734
161505000000.000000 0.181889653 -0.035561867 -0.091032639 0.013738488 -0.761500835 0.092475750 0.641386032
161639000000.000000 0.160720289 -0.036405113 -0.096430406 0.013911486 -0.756510615 0.092450835 0.647264361
161839000000.000000 0.128334835 -0.040831432 -0.104777768 0.012869232 -0.749090850 0.091073669 0.656051040
162039000000.000000 0.101957709 -0.035930954 -0.112581067 0.015264156 -0.741229236 0.091393813 0.664825857
162240000000.000000 0.072572201 -0.038713828 -0.117109060 0.014929499 -0.732611656 0.090150565 0.674485147
162373000000.000000 0.050067045 -0.041595250 -0.119451225 0.014845383 -0.725719512 0.089650497 0.681963086
162507000000.000000 0.026577584 -0.038108915 -0.116309851 0.015601313 -0.718512237 0.089674532 0.689532638
162641000000.000000 0.003339663 -0.039263133 -0.116463825 0.015492310 -0.710909188 0.088898763 0.697470605
162841000000.000000 -0.034755282 -0.040395156 -0.112906329 0.015670989 -0.698335886 0.086843498 0.710309565
162975000000.000000 -0.061113261 -0.040201142 -0.105649479 0.015030588 -0.690804183 0.085965574 0.717755973
163108000000.000000 -0.086152762 -0.037383921 -0.104490653 0.016907513 -0.682563305 0.083666138 0.725824773
163309000000.000000 -0.119469576 -0.037357841 -0.094246894 0.016113242 -0.672696769 0.083512299 0.735013783
163442000000.000000 -0.142685443 -0.037644256 -0.088673338 0.016051995 -0.665692210 0.082217157 0.741509736
163643000000.000000 -0.174327105 -0.035281248 -0.077401623 0.016500317 -0.657088578 0.082660682 0.749085903
163843000000.000000 -0.203648582 -0.035263859 -0.076343015 0.017974596 -0.646572530 0.080077194 0.758425117
164043000000.000000 -0.249513254 -0.040468790 -0.059350342 0.014486041 -0.635648906 0.076991893 0.767992735
164177000000.000000 -0.272644103 -0.037808191 -0.050661251 0.015468519 -0.630077600 0.076622248 0.772587955
164377000000.000000 -0.309480488 -0.038344596 -0.038736716 0.015458699 -0.622370183 0.075241566 0.778944850
164511000000.000000 -0.331860065 -0.037485510 -0.032141224 0.016055519 -0.618058920 0.074790858 0.782401264
164645000000.000000 -0.351841897 -0.042637855 -0.021152005 0.014042182 -0.615431428 0.074592002 0.784527242
164845000000.000000 -0.385980844 -0.042344145 -0.010516495 0.013065139 -0.612053394 0.075208113 0.787123680
165045000000.000000 -0.415598929 -0.037071563 0.001388490 0.015452232 -0.610432386 0.075097747 0.788348854
165246000000.000000 -0.448469371 -0.037848156 0.011007398 0.016011590 -0.606717765 0.074029215 0.791300833
165446000000.000000 -0.475172132 -0.040105220 0.026273698 0.014661780 -0.604946554 0.074638985 0.792624652
165647000000.000000 -0.493773699 -0.036079951 0.033058673 0.016030530 -0.603040695 0.074246220 0.794085979
165780000000.000000 -0.506608129 -0.036653880 0.040839761 0.014777353 -0.602544844 0.074401401 0.794472098
165914000000.000000 -0.512814403 -0.035827730 0.042964339 0.015351620 -0.598868668 0.073707059 0.797300398
166114000000.000000 -0.509727359 -0.037840609 0.046664417 0.014054985 -0.595729768 0.072896495 0.799746633
166381000000.000000 -0.497364193 -0.035974164 0.041711271 0.015639968 -0.588648081 0.071385324 0.805079460
166582000000.000000 -0.482440948 -0.037325609 0.052984804 0.013255342 -0.584083855 0.072111279 0.808375120
166782000000.000000 -0.466226459 -0.035272479 0.059313357 0.012847383 -0.572979391 0.070903331 0.816395938
166983000000.000000 -0.443526715 -0.030187454 0.073113412 0.013822125 -0.554976344 0.068826787 0.828898787
167183000000.000000 -0.422133863 -0.026100807 0.094234943 0.013242479 -0.529886782 0.067046262 0.845310271
167383000000.000000 -0.402707070 -0.021174939 0.108408824 0.013628120 -0.505871296 0.064960748 0.860051513
167584000000.000000 -0.383958280 -0.024110146 0.122591823 0.011573383 -0.490272552 0.064146809 0.869128346
167717000000.000000 -0.380373895 -0.024883447 0.125962585 0.010596095 -0.480243653 0.062948264 0.874809325
167918000000.000000 -0.370202005 -0.023414120 0.130629346 0.010321868 -0.467922896 0.062485151 0.881497204
168118000000.000000 -0.362553895 -0.023666022 0.135331929 0.009395545 -0.455111533 0.060388640 0.888334751
168319000000.000000 -0.354284942 -0.020595683 0.133879185 0.010013560 -0.434908956 0.058720890 0.898502052
168452000000.000000 -0.348129481 -0.017350070 0.134919509 0.011124511 -0.420638621 0.057033572 0.905365467
168653000000.000000 -0.341263950 -0.021527058 0.132768303 0.008968242 -0.400209069 0.055421147 0.914702654
168786000000.000000 -0.338445991 -0.022016775 0.128381684 0.008583569 -0.385966718 0.054022428 0.920889616
168920000000.000000 -0.333699495 -0.022446465 0.125258654 0.008304444 -0.373837143 0.053142689 0.925933421
169053000000.000000 -0.325299919 -0.021471512 0.120410241 0.008574457 -0.365186691 0.052621432 0.929406345
169254000000.000000 -0.312766552 -0.023365136 0.117870808 0.007285948 -0.359062195 0.052378297 0.931814253
169454000000.000000 -0.298451334 -0.023770031 0.115635701 0.007342179 -0.356159896 0.051943067 0.932951391
169588000000.000000 -0.290329158 -0.024861885 0.114420407 0.006978635 -0.352232158 0.051492695 0.934468985
169788000000.000000 -0.275119990 -0.023676518 0.113294184 0.007031677 -0.345000803 0.050672844 0.937207222
169989000000.000000 -0.258085400 -0.024075000 0.111019470 0.006847749 -0.335392773 0.049396895 0.940757573
170189000000.000000 -0.236438796 -0.024578199 0.108471118 0.006270385 -0.324027836 0.048057713 0.944805324
170389000000.000000 -0.218394771 -0.026119856 0.102487311 0.005276124 -0.305704296 0.044841249 0.951055408
170523000000.000000 -0.202842698 -0.029921688 0.098470747 0.003190774 -0.292215258 0.043134633 0.955374062
170724000000.000000 -0.182765305 -0.023474298 0.092080906 0.004823879 -0.270908952 0.042440567 0.961656809
170857000000.000000 -0.171474621 -0.025642691 0.084196284 0.004090642 -0.255656779 0.039414257 0.965955198
171058000000.000000 -0.155965358 -0.026542792 0.075490750 0.003097425 -0.232670277 0.036776826 0.971855223
171191000000.000000 -0.146429971 -0.023789305 0.070908472 0.003296018 -0.219435632 0.036661115 0.974932432
171392000000.000000 -0.138918102 -0.024054496 0.063879639 0.002343685 -0.201709703 0.034995697 0.978817165
171525000000.000000 -0.133764639 -0.023665667 0.060049698 0.001998192 -0.190575436 0.034070127 0.981079102
171726000000.000000 -0.130547404 -0.023500441 0.055413615 0.000206784 -0.174496576 0.033059806 0.984102666
171926000000.000000 -0.135105401 -0.021793539 0.062232040 -0.000570630 -0.160162941 0.031526200 0.986586928
172060000000.000000 -0.135398835 -0.018520232 0.067375600 -0.000255214 -0.149587646 0.031764496 0.988238096
172260000000.000000 -0.143126056 -0.018083973 0.077947266 -0.000544641 -0.139730081 0.030991342 0.989704430
172460000000.000000 -0.142168567 -0.019799100 0.092784189 -0.001194062 -0.128970191 0.028569333 0.991236091
172661000000.000000 -0.132851094 -0.021423165 0.119860113 -0.001765488 -0.103211783 0.024081292 0.994366348
172861000000.000000 -0.128766149 -0.013266676 0.147535026 -0.002165387 -0.077852219 0.022900162 0.996699512
172995000000.000000 -0.126280531 -0.010864669 0.161389187 -0.001839965 -0.070738554 0.022435980 0.997240841
173195000000.000000 -0.125551388 -0.008076794 0.181363896 -0.001574518 -0.064828187 0.021470882 0.997664154
173396000000.000000 -0.129670814 -0.005296802 0.206317380 -0.001547717 -0.060431473 0.020905511 0.997952223
173596000000.000000 -0.129695833 -0.003923289 0.234200493 -0.001501050 -0.055899322 0.020067688 0.998233616
173863000000.000000 -0.135406420 0.001110216 0.266252369 -0.000356065 -0.052405976 0.019592162 0.998433590
173997000000.000000 -0.135960549 0.001007008 0.283513039 -0.000542023 -0.050836872 0.019318053 0.998519957
174197000000.000000 -0.134132445 0.004440856 0.307106107 -0.000797625 -0.048087560 0.019579854 0.998650849
174398000000.000000 -0.138724849 0.005324596 0.330353409 -0.001389717 -0.044385407 0.018432211 0.998843551
174531000000.000000 -0.139983997 0.007611983 0.343685389 -0.001298699 -0.041966397 0.017779937 0.998960018
174665000000.000000 -0.140879333 0.010035422 0.354372531 -0.001284883 -0.039409276 0.018034823 0.999059558
174798000000.000000 -0.141030446 0.010291697 0.358338952 -0.001335910 -0.037372362 0.018177904 0.999135196
174932000000.000000 -0.139940515 0.010845865 0.362179995 -0.001347171 -0.037217744 0.018831117 0.999128819
175066000000.000000 -0.140191048 0.011223814 0.363188982 -0.001191326 -0.036994401 0.018335260 0.999146581
175199000000.000000 -0.139510229 0.010807455 0.364023298 -0.001343878 -0.037093036 0.018503672 0.999139607
175400000000.000000 -0.139867380 0.009979487 0.364706099 -0.001833297 -0.036637105 0.018331315 0.999158800
175600000000.000000 -0.139749974 0.010694737 0.364998937 -0.001585073 -0.036706597 0.018011561 0.999162495
175800000000.000000 -0.139772028 0.010397751 0.364431471 -0.001601728 -0.036568720 0.018291056 0.999162436
176001000000.000000 -0.139689520 0.011142241 0.364691734 -0.001330895 -0.036594130 0.018364385 0.999160588
176201000000.000000 -0.139751419 0.009888540 0.363491654 -0.001827781 -0.036588002 0.018185461 0.999163330
176402000000.000000 -0.140194029 0.010266705 0.363757253 -0.001623426 -0.036484156 0.018177640 0.999167621
