47544.0 0.0 0.0 0.0 -0.667257 -0.003623 -0.003246 0.744811
47744.0 0.000474624 -3.7866e-05 0.000101047 -0.66728 -0.003668 -0.003118 0.744791
48011.0 -0.00034933999999999996 -4.3588000000000003e-05 -7.602000000000001e-05 -0.667231 -0.003611 -0.003376 0.744834
48212.0 0.00067494 -1.1221e-05 -0.000243002 -0.667177 -0.003777 -0.003117 0.744883
48412.0 0.000184967 0.000369853 0.000202406 -0.667306 -0.003689 -0.003138 0.744768
48613.0 0.000510295 0.000429295 -0.000161642 -0.667183 -0.003739 -0.00309 0.744878
48813.0 7.121800000000001e-05 0.000364332 -0.000355143 -0.667156 -0.003629 -0.003174 0.744902
49013.0 0.000528089 0.000408058 -0.00040494200000000004 -0.667173 -0.003711 -0.00309 0.744887
49281.0 0.000282625 0.001170257 8.015e-05 -0.667404 -0.003803 -0.003006 0.74468
49481.0 -0.000498219 0.002854295 0.000124869 -0.667555 -0.004201 -0.002938 0.744543
49615.0 -0.000197268 0.010689014 -0.000273022 -0.66727 -0.006128 -0.001182 0.74479
49748.0 -0.002946411 0.024024421 6.2637e-05 -0.667351 -0.00704 -0.000196 0.74471
49949.0 -0.008013897999999998 0.048951628999999997 -9.2926e-05 -0.667367 -0.011 0.005053 0.74463
50149.0 -0.0126673 0.072576144 0.000279804 -0.667615 -0.016267 0.011484 0.74424
50416.0 -0.012311886 0.101522958 -4.7025e-05 -0.667924 -0.022061 0.017644 0.743693
50550.0 -0.011170458 0.113823126 0.000103335 -0.668457 -0.021339 0.017051 0.743249
50683.0 -0.01188735 0.12835371799999998 -0.000732539 -0.668387 -0.018498 0.014103 0.74345
50951.0 -0.010512012000000001 0.166881546 -0.000153234 -0.668386 -0.006351 0.000267 0.743787
51218.0 -0.019378792000000002 0.212704912 0.00037247 -0.668257 -0.002606 -0.004873 0.74391
51418.0 -0.027615690000000002 0.255314429 0.000330056 -0.66795 0.003101 -0.010158 0.744131
51619.0 -0.034913946 0.295258402 -0.000272038 -0.668656 0.005894 -0.011718 0.743456
51752.0 -0.037049644 0.323666511 -0.0005046030000000001 -0.668989 0.006417 -0.012135 0.743146
51953.0 -0.041527337000000004 0.36631931700000003 -6.1602e-05 -0.669423 0.008128 -0.013284 0.742718
52153.0 -0.042771815 0.41198262999999996 -0.000878661 -0.669245 0.010102 -0.015832 0.742804
52353.0 -0.044204699 0.465205734 0.000175431 -0.669592 0.012144 -0.01748 0.742424
52554.0 -0.042151828 0.521885089 -0.000613099 -0.669863 0.014287 -0.021502 0.742036
52754.0 -0.038012673 0.575204302 0.000400412 -0.670399 0.015885 -0.023326 0.741464
52888.0 -0.036246079 0.6067051699999999 0.000584343 -0.67035 0.01631 -0.024142 0.741473
53088.0 -0.033079135 0.654909677 0.001558546 -0.670041 0.017685 -0.024652 0.741704
53289.0 -0.031255673000000005 0.705999495 0.0011909350000000002 -0.669457 0.01882 -0.026578 0.742136
53489.0 -0.026148516 0.7624025 0.002576525 -0.669384 0.020155 -0.027285 0.742142
53623.0 -0.024095115 0.797013904 0.0033591769999999996 -0.669574 0.020351 -0.027353 0.741963
53823.0 -0.021880116 0.852113343 0.003689762 -0.669315 0.019892 -0.026317 0.742246
53957.0 -0.020164093999999997 0.889183528 0.003147919 -0.668988 0.016723 -0.024432 0.742683
54090.0 -0.020676261 0.927850352 0.0032141860000000004 -0.668834 0.013598 -0.021706 0.74297
54291.0 -0.021999065 0.989889143 0.003513674 -0.668511 0.009888 -0.016717 0.743448
54491.0 -0.024210121999999997 1.051538444 0.003847519 -0.668489 0.005851 -0.013181 0.743582
54691.0 -0.027343097 1.108354604 0.003843691 -0.668228 0.002267 -0.009131 0.743897
54892.0 -0.030516411 1.162070337 0.005260671999999999 -0.668211 -0.001014 -0.005239 0.743953
55092.0 -0.033685329 1.214872252 0.004726463 -0.668084 -0.00348 -0.003252 0.744071
55226.0 -0.037113187000000006 1.250094106 0.004940750999999999 -0.668262 -0.003858 -0.001696 0.743914
55426.0 -0.041279031 1.307410094 0.004790084 -0.668592 -0.004519 -0.000358 0.743615
55627.0 -0.045191416 1.36509613 0.0056370529999999995 -0.669036 -0.003844 -0.000649 0.74322
55760.0 -0.048554106 1.400100999 0.005164335999999999 -0.669011 -0.00392 -0.000901 0.743242
55961.0 -0.051098154 1.45178095 0.005141706 -0.669015 -0.003613 -0.002114 0.743237
56094.0 -0.052925894999999994 1.48728403 0.0055022859999999995 -0.669382 -0.002327 -0.002355 0.742911
56295.0 -0.055186584000000004 1.5450713109999998 0.006138784 -0.669155 -0.000946 -0.003641 0.743113
56428.0 -0.058302423 1.58377208 0.005770927 -0.669242 -0.000624 -0.004524 0.74303
56562.0 -0.060914043999999994 1.622801835 0.005731597 -0.669233 -3e-06 -0.004886 0.743036
56695.0 -0.06513761 1.658044847 0.005923114 -0.669315 0.001212 -0.00632 0.742951
56896.0 -0.06883905900000001 1.708507126 0.00526434 -0.669597 0.000422 -0.006228 0.742698
57096.0 -0.071798018 1.75920475 0.006587828 -0.669706 0.000112 -0.005398 0.742607
57230.0 -0.07441351 1.793972174 0.006594409 -0.669773 -8.9e-05 -0.005467 0.742546
57430.0 -0.07817851899999999 1.84598875 0.006366982 -0.669738 -0.000485 -0.004124 0.742586
57631.0 -0.077399452 1.8931421210000001 0.005068221 -0.669978 0.000936 -0.005321 0.742362
57764.0 -0.075182632 1.923173979 0.004747827 -0.669893 0.002551 -0.007508 0.742415
57965.0 -0.074478218 1.969265672 0.005323767 -0.670214 0.006165 -0.012759 0.742032
58098.0 -0.07292398300000001 2.0020073640000002 0.005639586 -0.67071 0.010711 -0.017053 0.741446
58299.0 -0.067839245 2.054377447 0.004302656 -0.670569 0.018756 -0.026804 0.741126
58432.0 -0.065650001 2.086523669 0.004061815 -0.670429 0.022485 -0.031771 0.740952
58566.0 -0.064540549 2.115853747 0.004313488000000001 -0.670708 0.026307 -0.035911 0.740384
58766.0 -0.05975412 2.162935948 0.004315225 -0.670978 0.030639 -0.040521 0.739735
58900.0 -0.057166049999999996 2.1955171420000004 0.003738361 -0.670937 0.032989 -0.043496 0.739502
59167.0 -0.054715818 2.260390368 0.004361101 -0.670461 0.035495 -0.046688 0.739623
59301.0 -0.056117708 2.289080269 0.0043567119999999996 -0.670502 0.035035 -0.045446 0.739685
59501.0 -0.057064628 2.3287296339999997 0.004817258 -0.670398 0.034921 -0.04534 0.739792
59701.0 -0.058663746 2.371167529 0.005233937 -0.67017 0.034123 -0.044621 0.740079
59835.0 -0.059710373 2.401977529 0.005383766 -0.669712 0.033753 -0.044012 0.740547
60035.0 -0.060451019 2.4455639700000003 0.00769616 -0.668775 0.032439 -0.043041 0.741508
60236.0 -0.061517381999999995 2.486288588 0.007805793 -0.668097 0.030516 -0.041337 0.742298
60369.0 -0.061423909 2.514555352 0.007300157 -0.667676 0.029149 -0.040152 0.742797
60570.0 -0.063472134 2.556064653 0.008432271 -0.667248 0.027868 -0.039014 0.743291
60770.0 -0.06475216 2.5996969450000003 0.008618211 -0.667363 0.027503 -0.039268 0.743188
60904.0 -0.060251237000000006 2.630920982 0.007192359 -0.667592 0.029465 -0.040005 0.742868
61104.0 -0.046279353 2.673493332 0.006379545 -0.668364 0.035528 -0.045391 0.741598
61305.0 -0.034920609 2.7081959099999997 0.006705562 -0.668109 0.040974 -0.051604 0.74114
61572.0 -0.014346591 2.754703606 0.005862912 -0.668792 0.045125 -0.054444 0.740079
61772.0 0.002612623 2.796404306 0.006015536 -0.668053 0.051559 -0.06309 0.739639
61973.0 0.018204447999999998 2.834753687 0.0057153609999999995 -0.667761 0.064415 -0.075924 0.737686
62173.0 0.031231887 2.870066445 0.004863443 -0.667609 0.075728 -0.086804 0.735546
62373.0 0.043808475 2.901305056 0.004192041 -0.667189 0.084952 -0.095535 0.733836
62507.0 0.050416024999999996 2.921964779 0.003859131 -0.666745 0.090859 -0.101553 0.732723
62707.0 0.063081267 2.958011208 0.003725921 -0.665776 0.098169 -0.110099 0.731426
62908.0 0.074730007 2.998051582 0.003309629 -0.664678 0.10614 -0.118746 0.729957
63108.0 0.08507258899999999 3.037512345 0.0034547059999999997 -0.663036 0.115009 -0.129079 0.72835
63242.0 0.09389172600000001 3.064017572 0.005762623 -0.662145 0.120687 -0.13541 0.727092
63509.0 0.112713009 3.114167473 0.006601219 -0.659191 0.130656 -0.147263 0.725748
63776.0 0.123817083 3.172340034 0.007607879 -0.657841 0.134996 -0.152575 0.725081
63910.0 0.13189510899999998 3.2069469519999996 0.005125769 -0.65726 0.133235 -0.151215 0.726217
64177.0 0.151144268 3.2770710629999997 0.0041622709999999995 -0.657974 0.129324 -0.14656 0.727232
64311.0 0.159906834 3.3109769190000002 0.004119773 -0.657621 0.128891 -0.14656 0.727628
64511.0 0.177686987 3.357962876 0.004086632 -0.656724 0.130608 -0.148827 0.727671
64712.0 0.201333224 3.405749241 0.0044277660000000005 -0.655077 0.137037 -0.157221 0.726206
64979.0 0.234401222 3.4657051350000003 0.0032531870000000003 -0.651899 0.151706 -0.173188 0.722508
65179.0 0.262436511 3.508614712 0.003381097 -0.648677 0.165103 -0.187911 0.718783
65379.0 0.295762944 3.552399508 0.002589385 -0.64464 0.179155 -0.202695 0.715023
65580.0 0.328434077 3.594656866 0.004863559000000001 -0.641187 0.192678 -0.217463 0.710256
65713.0 0.35245817 3.6223737700000003 0.005604504999999999 -0.638225 0.202081 -0.228285 0.706907
65914.0 0.3882243 3.663052227 0.0048519290000000005 -0.634504 0.21511 -0.24243 0.701684
66114.0 0.428734707 3.705000966 0.006546934 -0.629995 0.229576 -0.259943 0.69486
66248.0 0.456258676 3.730277703 0.002564501 -0.626336 0.240106 -0.270523 0.690557
66448.0 0.497479243 3.766675325 0.004231201 -0.621594 0.254153 -0.286499 0.683334
66649.0 0.538154244 3.800930746 0.0038721619999999997 -0.616012 0.26773 -0.302471 0.676285
66782.0 0.566789314 3.822989346 0.004353452 -0.611972 0.27811 -0.313656 0.670646
66916.0 0.596616717 3.8401486329999996 0.0031724770000000004 -0.60821 0.287335 -0.323254 0.665602
67116.0 0.643371715 3.868665092 0.002319276 -0.602324 0.299791 -0.336753 0.658733
67317.0 0.694592988 3.899071104 0.003287852 -0.596555 0.312292 -0.351036 0.650668
67517.0 0.747978127 3.924757962 0.002645926 -0.588973 0.325733 -0.366555 0.642375
67651.0 0.785299364 3.9432228289999998 0.002847438 -0.583915 0.334049 -0.376652 0.636858
67851.0 0.845313497 3.968370927 0.001975971 -0.575253 0.347928 -0.391773 0.628127
67985.0 0.886653155 3.981422696 0.0033302640000000003 -0.568844 0.357347 -0.402955 0.621568
68252.0 0.9661473610000001 4.007281876 0.0038788629999999998 -0.555398 0.376238 -0.424218 0.608291
68385.0 1.003543314 4.01499648 0.003966838 -0.550544 0.383962 -0.432 0.602371
68586.0 1.056978952 4.028577544 0.002951323 -0.541991 0.394137 -0.444075 0.594726
68786.0 1.1084104460000002 4.036862231 0.002175373 -0.535692 0.40259 -0.453125 0.587906
68987.0 1.1596266849999999 4.048184722999999 0.0034952990000000003 -0.52928 0.410637 -0.4625 0.580804
69187.0 1.2163471709999998 4.057573047 0.005840603 -0.522121 0.417887 -0.472962 0.573644
69388.0 1.276973622 4.072503068 0.00572203 -0.517468 0.423795 -0.479019 0.568476
69588.0 1.341862638 4.09096114 0.00555455 -0.511805 0.430386 -0.484986 0.563571
69722.0 1.391238589 4.100212391 0.0028487399999999998 -0.509414 0.433563 -0.488372 0.560369
69989.0 1.4901670340000002 4.121735191 0.006375201 -0.504516 0.440881 -0.494375 0.553787
70189.0 1.5674861450000002 4.141932555 0.005855974 -0.501722 0.445046 -0.49862 0.549169
70390.0 1.646174824 4.161679689 0.002905799 -0.49912 0.448597 -0.501754 0.545787
70590.0 1.7244665829999999 4.182246509 0.002977096 -0.496212 0.451975 -0.505043 0.542609
70790.0 1.8077769510000001 4.191609886 0.003273171 -0.494845 0.454108 -0.506335 0.540869
70991.0 1.891928722 4.203218154999999 0.004011267 -0.494652 0.453808 -0.506136 0.541483
71124.0 1.9481047040000001 4.208937047 0.0026121029999999997 -0.494533 0.453758 -0.506623 0.541178
71325.0 2.030169165 4.215742006 0.0046995909999999995 -0.494065 0.453591 -0.50814 0.540323
71458.0 2.081822715 4.219932188 0.002085216 -0.493751 0.453701 -0.50888 0.539821
71659.0 2.1592667150000002 4.219056662 0.002277299 -0.49354 0.454725 -0.509306 0.538749
71859.0 2.23613326 4.220561485 0.002761565 -0.493009 0.456772 -0.509838 0.536997
71993.0 2.286912161 4.221801739000001 0.003280522 -0.491809 0.458005 -0.510869 0.536068
72126.0 2.337440795 4.221857446 0.003221283 -0.490713 0.458966 -0.512044 0.535128
72327.0 2.4113563640000004 4.224212387 0.003074466 -0.488924 0.460586 -0.513749 0.533738
72527.0 2.488736277 4.22568209 0.004251008 -0.487519 0.462198 -0.515205 0.532223
72661.0 2.53779689 4.227597804 0.003215013 -0.486612 0.46278 -0.516066 0.531715
72861.0 2.61520193 4.2307399729999995 0.0034832200000000004 -0.485461 0.463533 -0.517573 0.530643
73062.0 2.691270112 4.235449998 0.003206324 -0.484803 0.463829 -0.519673 0.528931
73262.0 2.766718473 4.2374945120000005 0.002806868 -0.483991 0.46474 -0.520133 0.528423
73462.0 2.841962403 4.241883453000001 0.0018517490000000002 -0.484011 0.465058 -0.519879 0.528375
73663.0 2.916463905 4.247827436 0.000292602 -0.484791 0.464932 -0.518557 0.529069
73863.0 2.988068288 4.25104605 0.001022703 -0.485492 0.464321 -0.518069 0.52944
74064.0 3.056038224 4.2572607090000005 0.0007356810000000001 -0.487085 0.463956 -0.516627 0.529707
74197.0 3.0982151009999996 4.260732664 -0.000999926 -0.487075 0.464019 -0.516272 0.530007
74331.0 3.139131968 4.262529441 5.7317e-05 -0.487527 0.463683 -0.51613 0.530024
74464.0 3.176806187 4.264803458 -0.0007269900000000001 -0.487338 0.464076 -0.516107 0.529876
74598.0 3.2168707420000002 4.266932477 -0.0013693 -0.487217 0.46476 -0.515962 0.529529
74865.0 3.29041716 4.270862591 -0.002002348 -0.486912 0.465759 -0.517024 0.527893
74999.0 3.326198618 4.269053335 -0.002341462 -0.486736 0.466447 -0.517053 0.527421
75199.0 3.382097497 4.27050624 -0.001779565 -0.485225 0.468298 -0.518716 0.525535
75466.0 3.4504209930000003 4.2695686219999995 -0.002667539 -0.484038 0.469582 -0.520811 0.523408
75600.0 3.483176359 4.268493195 -0.002675695 -0.483548 0.470059 -0.521121 0.523124
75867.0 3.5554540390000002 4.268932888999999 -0.002750676 -0.483528 0.469994 -0.520975 0.523346
76001.0 3.594417473 4.271235304 -0.002933799 -0.483322 0.46998 -0.521094 0.52343
76134.0 3.6308159019999997 4.269150993 -0.0044033449999999995 -0.483776 0.469563 -0.520438 0.524038
76268.0 3.66956734 4.268689833000001 -0.004134793 -0.483935 0.469338 -0.520073 0.524454
76402.0 3.707632333 4.270139723000001 -0.003997968 -0.483637 0.469376 -0.520124 0.524646
76602.0 3.762021625 4.271632525 -0.003764327 -0.48372 0.468595 -0.520118 0.525272
76802.0 3.8110639930000003 4.272290104 -0.003702636 -0.483796 0.467892 -0.519852 0.526092
77003.0 3.857102838 4.270333056 -0.004388289 -0.482478 0.468515 -0.520737 0.525872
77270.0 3.921614586 4.269394918 -0.002674293 -0.481787 0.468558 -0.521838 0.525376
77404.0 3.956265852 4.271014149 -0.001483972 -0.481762 0.468577 -0.521621 0.525598
77604.0 4.008287222 4.270871893 -0.0012012499999999998 -0.481195 0.468856 -0.522532 0.524962
77738.0 4.043231318 4.268461625 -0.000804685 -0.480963 0.46862 -0.522758 0.525161
77938.0 4.100269736 4.2707221980000005 0.000540416 -0.480458 0.468929 -0.523745 0.524363
78138.0 4.158807541 4.274110437 -0.0024043619999999997 -0.479844 0.468712 -0.524624 0.52424
78339.0 4.216654896 4.274175005 -0.0014438390000000001 -0.479483 0.468862 -0.525276 0.523785
78606.0 4.290265664 4.278463127 0.0017418050000000001 -0.479804 0.468305 -0.52514 0.524125
78806.0 4.344107397 4.2812572609999995 0.0008549330000000001 -0.480115 0.467755 -0.523978 0.525491
79007.0 4.3969649120000005 4.281071814 0.002878579 -0.480608 0.466847 -0.523442 0.526382
79207.0 4.4481555859999995 4.281864613 0.0038088009999999997 -0.480658 0.466839 -0.522901 0.526881
79341.0 4.483179385000001 4.284178647 0.003988691 -0.48074 0.466415 -0.52295 0.527133
79541.0 4.5344851440000005 4.283664629 0.000627104 -0.480938 0.465819 -0.523052 0.527379
79742.0 4.582761346 4.287913933 0.002370871 -0.481176 0.465388 -0.523092 0.527502
80009.0 4.648098256 4.2854531829999996 0.003643122 -0.48139 0.46513 -0.522653 0.52797
80209.0 4.697084725 4.282767923000001 0.0032650960000000003 -0.481257 0.4644 -0.523613 0.527781
80476.0 4.765083015 4.281776464 0.000124751 -0.480688 0.465091 -0.523379 0.527924
80677.0 4.818696123 4.2800054030000005 0.000840852 -0.480227 0.466256 -0.524013 0.526686
80944.0 4.893572577 4.27769103 0.001341109 -0.479383 0.467942 -0.524655 0.525318
81078.0 4.931529418 4.276762634 0.000701206 -0.478895 0.468583 -0.525327 0.52452
81211.0 4.970556451 4.276672144999999 0.001701029 -0.478619 0.469099 -0.525305 0.524333
81412.0 5.0312109110000005 4.2792717389999995 0.001109064 -0.478953 0.469165 -0.525101 0.524172
81545.0 5.0717431159999995 4.282785391 -0.001266981 -0.479214 0.468775 -0.52452 0.524864
81746.0 5.128813364 4.285378143 4.1838e-05 -0.480442 0.468476 -0.523248 0.525278
82013.0 5.205696496 4.287821098999999 -0.00044070700000000003 -0.482873 0.466657 -0.521609 0.526297
82146.0 5.242827643 4.290785823 -0.001126565 -0.484298 0.465128 -0.520447 0.52749
82280.0 5.28134794 4.291617179 0.000327133 -0.485506 0.464096 -0.519051 0.528664
82414.0 5.318828749000001 4.293651318 2.78e-07 -0.486611 0.462549 -0.517858 0.53017
82614.0 5.377425816 4.296011439 -0.001924066 -0.4884 0.460726 -0.516026 0.531896
82814.0 5.4338468540000004 4.299481516 -0.000173752 -0.490173 0.458921 -0.51426 0.533534
82948.0 5.471546723 4.303492663 0.0006839039999999999 -0.490953 0.457939 -0.513563 0.534331
83148.0 5.52534681 4.308336614 6.901200000000001e-05 -0.492925 0.455854 -0.511852 0.535937
83349.0 5.576322343 4.314015487 0.000346203 -0.494483 0.453753 -0.510084 0.537968
83549.0 5.625254752 4.317689604 0.0015065900000000001 -0.495844 0.451714 -0.508479 0.539946
83683.0 5.656835406 4.322709197999999 0.002365561 -0.496576 0.450455 -0.507649 0.541106
83816.0 5.68771627 4.325801974 0.003206066 -0.497501 0.449169 -0.506257 0.542627
84017.0 5.7334815589999995 4.332138344 0.003391345 -0.498593 0.447427 -0.50529 0.543964
84284.0 5.792158579 4.339587462000001 0.004284547 -0.500305 0.444626 -0.503592 0.546259
84418.0 5.8240657449999995 4.342900399 0.004705862 -0.500725 0.443998 -0.502823 0.547091
84618.0 5.8745766999999995 4.348069676 0.003894671 -0.501772 0.442112 -0.501343 0.549015
84752.0 5.908793947 4.352629815999999 0.004400156 -0.50218 0.441028 -0.500924 0.549895
84952.0 5.961719612 4.360085874999999 0.00604239 -0.502641 0.439582 -0.500115 0.551366
85152.0 6.0141803849999995 4.363683493000001 0.006837424999999999 -0.502523 0.439449 -0.499673 0.55198
85353.0 6.067522511 4.366641984 0.006427339 -0.501897 0.440048 -0.50102 0.55085
85553.0 6.120899231 4.371998418 0.005679474 -0.499715 0.442407 -0.503726 0.548471
85754.0 6.173255705 4.377541384 0.006437796 -0.497448 0.445398 -0.506014 0.546
85887.0 6.208682445 4.382155356 0.006884947000000001 -0.496064 0.447192 -0.508022 0.543925
86088.0 6.259247735 4.3872629299999995 0.006990024 -0.49387 0.449423 -0.510884 0.541395
86221.0 6.293509122000001 4.391573372 0.006463867999999999 -0.491334 0.45231 -0.513571 0.53875
86422.0 6.346901326 4.39317766 0.006894108 -0.489356 0.455347 -0.515954 0.535706
86622.0 6.399048297999999 4.395010561 0.00871572 -0.487132 0.457979 -0.518161 0.533355
86822.0 6.452199738 4.39581941 0.008229439 -0.486172 0.458816 -0.518916 0.532776
87023.0 6.504686753 4.397221431 0.00874454 -0.485681 0.459665 -0.519146 0.532269
87156.0 6.539678119 4.398070443 0.009754691 -0.485628 0.459651 -0.519055 0.532418
87290.0 6.573685987 4.3999299259999995 0.009520495 -0.485469 0.459407 -0.519005 0.532823
87490.0 6.626549995 4.400801211 0.009378958000000001 -0.48618 0.459019 -0.517991 0.533493
87624.0 6.662097671000001 4.4017443599999995 0.010205518 -0.486076 0.459154 -0.517632 0.533821
87758.0 6.6977387550000005 4.403714483 0.010555458 -0.486527 0.458581 -0.517614 0.533919
87958.0 6.751158369 4.403499662 0.010849914 -0.487019 0.458215 -0.516857 0.534519
88158.0 6.801529811 4.404591615999999 0.011509582 -0.487378 0.457727 -0.516282 0.535165
88292.0 6.834471324 4.403135927999999 0.012400657 -0.487326 0.457612 -0.516827 0.534784
88426.0 6.867273311 4.40117315 0.010947941999999999 -0.48654 0.458216 -0.517299 0.534528
88693.0 6.931724986 4.400822379999999 0.011072381 -0.485869 0.459745 -0.517463 0.533666
88893.0 6.981013856 4.394925574 0.011041542 -0.484879 0.461093 -0.518178 0.532707
89094.0 7.034206608000001 4.399178052 0.009876695 -0.483227 0.463136 -0.519694 0.530957
89294.0 7.082996762 4.396589571000001 0.011257925 -0.481932 0.465589 -0.521118 0.528587
89494.0 7.133381372 4.3871052 0.00893261 -0.480936 0.466779 -0.522504 0.527074
89628.0 7.169217520999999 4.385055967 0.006769052 -0.479358 0.468132 -0.523791 0.526034
89828.0 7.223366841 4.38230345 0.0048595850000000005 -0.477549 0.470206 -0.52549 0.524132
90029.0 7.27959175 4.378027103 0.001808842 -0.475741 0.472604 -0.527115 0.521983
90229.0 7.33758128 4.372644203 0.004649872 -0.474454 0.474569 -0.528936 0.519523
90430.0 7.395698318 4.365630401000001 0.0015430420000000001 -0.472865 0.476416 -0.531827 0.51632
90563.0 7.43432518 4.3648155740000005 -0.001247288 -0.471306 0.478077 -0.53398 0.513982
90697.0 7.47255411 4.359182997 0.005171871000000001 -0.469975 0.480266 -0.535624 0.511444
90830.0 7.5078199219999995 4.356182949 0.0029437590000000002 -0.468397 0.48173 -0.537397 0.509652
91031.0 7.562180557 4.349399741999999 0.002741734 -0.466907 0.483145 -0.539221 0.507749
91164.0 7.594028575 4.345761682 0.005914815 -0.465761 0.484512 -0.54049 0.506147
91365.0 7.645577645 4.33680399 0.0070972629999999995 -0.46408 0.486074 -0.542609 0.503922
91565.0 7.693045702 4.33330721 0.0034003429999999997 -0.462066 0.487081 -0.544408 0.502859
91699.0 7.725564791 4.329196925 0.005466522000000001 -0.461708 0.488154 -0.545187 0.501301
91966.0 7.787418729 4.321852105 0.00878748 -0.460236 0.489167 -0.54654 0.500193
92233.0 7.8563918489999995 4.314060878 0.010493298 0.459312 -0.489825 0.547327 -0.499537
92434.0 7.912143500999999 4.306709054 0.008229845 0.458464 -0.489602 0.548535 -0.499209
92701.0 7.98891932 4.297534741000001 0.000318542 0.455611 -0.490721 0.551796 -0.497124
92901.0 8.04738626 4.288889231 0.002083995 0.452622 -0.494361 0.555645 -0.491934
93168.0 8.125843462 4.27768979 0.000962912 0.445005 -0.502444 0.562891 -0.482364
93369.0 8.185129084 4.266412727 -0.003513081 0.438181 -0.50856 0.569575 -0.474288
93569.0 8.245741384999999 4.252060784 -0.006317044 0.430969 -0.515489 0.575445 -0.466262
93703.0 8.284538979999999 4.243315625999999 -0.002409526 0.426655 -0.520183 0.579084 -0.460475
93903.0 8.340271849999999 4.226547161 -0.002259661 0.420256 -0.526027 0.584511 -0.452799
94104.0 8.392455839 4.210564569 -0.00016853099999999998 0.415126 -0.530598 0.588925 -0.446433
94237.0 8.425228477000001 4.1986619030000005 -9.2834e-05 0.411182 -0.533764 0.591966 -0.442268
94371.0 8.456356162 4.189442859 0.001150528 0.407143 -0.536851 0.595578 -0.437394
94504.0 8.487364432 4.177088872000001 0.002199245 0.402974 -0.540019 0.599318 -0.432214
94638.0 8.523118916 4.165661780000001 0.0039049230000000002 0.398169 -0.543293 0.60368 -0.426455
94838.0 8.574655254 4.14533751 0.002950635 0.391462 -0.547992 0.608644 -0.419541
94972.0 8.607746090000001 4.133487395 0.005964499 0.386275 -0.551725 0.612672 -0.413551
95106.0 8.638491002999999 4.118111313 0.002232786 0.380771 -0.554243 0.617117 -0.40865
95239.0 8.67047811 4.1055969029999995 0.002764553 0.376507 -0.557143 0.620447 -0.403584
95373.0 8.700047517000002 4.092502579 0.0010983149999999999 0.372342 -0.559624 0.623441 -0.399379
95573.0 8.748024917999999 4.06937964 -0.00193882 0.366601 -0.562922 0.627597 -0.393503
95707.0 8.780706085 4.058707503 0.001963874 0.363091 -0.565559 0.630099 -0.388951
95907.0 8.82392671 4.0378939019999995 0.006247899 0.357614 -0.569499 0.633505 -0.382694
96108.0 8.86144823 4.019932121 0.0018388629999999998 0.352452 -0.57205 0.637243 -0.377435
96308.0 8.894198529999999 4.002464121 0.007000356 0.347698 -0.575381 0.640559 -0.371116
96508.0 8.921831785 3.986328377 0.00647357 0.341269 -0.57891 0.645005 -0.363825
96776.0 8.958839811 3.9600924639999997 0.007461644 0.333084 -0.58325 0.650224 -0.355082
96976.0 8.988192358000001 3.941442667 0.011059673 0.325087 -0.587859 0.655684 -0.3447
97110.0 9.002687604999998 3.925606139 0.007289347 0.319476 -0.590184 0.659457 -0.338725
97310.0 9.032692106 3.9016592070000002 0.008936006000000002 0.311018 -0.595444 0.663855 -0.32865
97444.0 9.048336959 3.8855724449999998 0.009402314 0.305169 -0.598412 0.667237 -0.321824
97577.0 9.064565192 3.871614466 0.00795056 0.29899 -0.601798 0.670301 -0.314867
97778.0 9.088971019 3.8481149869999998 0.005820677 0.289947 -0.605736 0.67537 -0.304777
97978.0 9.112555452 3.824587866 0.0072349829999999995 0.281236 -0.610412 0.679448 -0.29437
98245.0 9.142673562 3.796168769 0.007725589000000001 0.270527 -0.615549 0.68394 -0.283092
98512.0 9.162666448 3.774691613 0.007095165 0.26263 -0.618935 0.687466 -0.274473
98646.0 9.170439560999998 3.762854806 0.009117331 0.258603 -0.621027 0.689079 -0.26948
98846.0 9.186402714 3.744605645 0.008103512 0.251655 -0.623655 0.692153 -0.26201
99047.0 9.204378547000001 3.72487037 0.010518859 0.244009 -0.627062 0.695071 -0.253238
99247.0 9.218113927000001 3.704310497 0.008157501999999999 0.237253 -0.629654 0.697377 -0.246803
99448.0 9.233222796 3.683685884 0.008359420999999999 0.230166 -0.632334 0.699776 -0.239773
99581.0 9.241327333 3.671801137 0.009200177 0.226404 -0.634144 0.700992 -0.234974
99782.0 9.255707274 3.6509840760000003 0.005263079 0.219744 -0.63585 0.703398 -0.229431
99915.0 9.264638719 3.637664014 0.009170922 0.216745 -0.637424 0.704414 -0.224753
100049.0 9.273189307 3.624212768 0.009468318 0.213299 -0.638305 0.705804 -0.221157
100182.0 9.280738267 3.6119424990000004 0.009168566999999999 0.209554 -0.639375 0.707107 -0.217455
100316.0 9.28671288 3.5994493619999997 0.0070365409999999995 0.20608 -0.640394 0.708335 -0.213747
100450.0 9.293570771999999 3.5890589559999997 0.008426469 0.203643 -0.641292 0.708993 -0.211193
100583.0 9.30017338 3.5777565439999996 0.008048859 0.199995 -0.642041 0.710438 -0.207514
100717.0 9.309556365 3.565902567 0.011400749 0.196762 -0.643387 0.711426 -0.203004
100850.0 9.312702296 3.553448617 0.009130240999999999 0.193066 -0.644134 0.712805 -0.199313
101051.0 9.322662082999999 3.533475504 0.010765667999999999 0.187025 -0.646098 0.714514 -0.192481
101251.0 9.338997428999999 3.506964488 0.006812655 0.178593 -0.647737 0.717428 -0.183953
101452.0 9.349809327000001 3.4804796099999997 0.004218269 0.171136 -0.649903 0.71942 -0.175423
101652.0 9.361059510999999 3.453785964 0.0064146229999999995 0.163072 -0.651983 0.721568 -0.16633
101852.0 9.370040965 3.4207505 0.005792037 0.156722 -0.653766 0.722998 -0.159067
102053.0 9.377964942 3.393832411 0.006512047 0.150981 -0.655175 0.724202 -0.153236
102253.0 9.393066158 3.365022406 0.006115398 0.145684 -0.656616 0.725145 -0.147634
102454.0 9.400480509000001 3.337628109 0.006136496 0.141741 -0.657612 0.725846 -0.14354
102654.0 9.405204763 3.3088338239999997 0.005613596 0.137964 -0.658784 0.726291 -0.139539
102854.0 9.41843511 3.2788065 0.00790313 0.133119 -0.659771 0.727197 -0.134777
103055.0 9.431505254 3.242285437 0.008374663 0.128155 -0.660502 0.728449 -0.129132
103255.0 9.440525775 3.209676181 0.00858439 0.123535 -0.661644 0.728977 -0.124737
103456.0 9.453055372000001 3.177137674 0.008711970000000001 0.11987 -0.662303 0.729714 -0.120431
103656.0 9.463126606 3.144159697 0.00616317 0.115531 -0.662619 0.730863 -0.115876
103856.0 9.476440774 3.106662584 0.007637751 0.111848 -0.663123 0.731621 -0.11175
104057.0 9.490183814 3.067825613 0.004718088 0.108826 -0.663272 0.732384 -0.108814
104190.0 9.496753062 3.04660083 0.0051934170000000005 0.107759 -0.663261 0.732635 -0.108252
104324.0 9.500891559 3.025560916 0.005041406 0.107448 -0.663336 0.732793 -0.10703
104524.0 9.515449539999999 2.991802269 0.003621359 0.104315 -0.663364 0.73363 -0.104181
104658.0 9.518344727 2.971301072 0.0066857309999999994 0.104569 -0.663632 0.733358 -0.104136
104858.0 9.525757991 2.943723239 0.007920209 0.103555 -0.663835 0.733512 -0.102755
104992.0 9.531531165 2.918295618 0.0026539259999999996 0.102448 -0.663646 0.734004 -0.101568
105192.0 9.544976396 2.8871120099999996 0.0037086199999999997 0.100873 -0.66394 0.734075 -0.100713
105326.0 9.550505572 2.863225544 0.0036499410000000003 0.100257 -0.664035 0.73419 -0.099858
105526.0 9.562583166 2.821614093 0.0010665039999999998 0.099701 -0.663548 0.734759 -0.099465
105660.0 9.573101413 2.800505348 0.0013142149999999999 0.099198 -0.663581 0.734757 -0.099764
105794.0 9.576347825000001 2.779957218 0.00535139 0.099297 -0.663804 0.734478 -0.100231
105927.0 9.578313657999999 2.7596522570000004 0.005631913 0.098759 -0.663653 0.734679 -0.100294
106061.0 9.584827493 2.73587056 0.00552639 0.097274 -0.663774 0.735024 -0.098395
106261.0 9.59739486 2.6977303430000004 0.002160968 0.093842 -0.663701 0.73604 -0.094551
106462.0 9.601707587 2.6643416 0.005362208 0.090113 -0.663976 0.736771 -0.090462
106662.0 9.615224129 2.626595257 0.0006248860000000001 0.085172 -0.664531 0.737508 -0.085008
106862.0 9.61766847 2.5992200750000003 0.0044678719999999995 0.082348 -0.665018 0.737742 -0.081894
106996.0 9.618487917 2.5816158810000003 0.004033401 0.080757 -0.665276 0.737914 -0.079802
107196.0 9.625185326 2.5508972130000003 0.002072642 0.077762 -0.665217 0.738653 -0.076358
107397.0 9.626195071 2.524031048 0.006700325 0.074774 -0.665277 0.739244 -0.073033
107597.0 9.628487773000002 2.493467071 0.003564946 0.071618 -0.66558 0.739642 -0.069312
107798.0 9.631770678 2.459175871 0.004876554999999999 0.06852 -0.665964 0.739879 -0.066161
107998.0 9.636156209000001 2.4172917160000003 0.0015524249999999999 0.064399 -0.666381 0.740282 -0.061411
108198.0 9.639849910999999 2.3758311180000002 0.001550412 0.060706 -0.667022 0.740373 -0.056966
108332.0 9.641663266 2.349414328 0.007673249 0.058175 -0.668114 0.739814 -0.053992
108466.0 9.643957726 2.3199372709999997 0.002152374 0.055903 -0.668098 0.740145 -0.052006
108666.0 9.644604932 2.279061307 0.002069417 0.052693 -0.669129 0.739699 -0.048322
108866.0 9.643772317000002 2.242229156 0.0023832330000000002 0.049587 -0.66933 0.739943 -0.044979
109134.0 9.64862179 2.188283725 0.004575151 0.044409 -0.67045 0.739608 -0.038779
109267.0 9.649876609000001 2.16273157 0.002346104 0.041802 -0.670779 0.739608 -0.035891
109468.0 9.649042483999999 2.123239414 0.000486909 0.037424 -0.671397 0.739533 -0.030263
109668.0 9.651012201 2.082362146 -6.945e-05 0.033465 -0.672481 0.738907 -0.02581
109868.0 9.648643733 2.043332644 0.000346441 0.029942 -0.672702 0.739005 -0.021123
110002.0 9.647002439 2.016786878 -0.002087662 0.02814 -0.672835 0.739017 -0.018863
110202.0 9.649326693999999 1.978555868 -0.00072443 0.025303 -0.67316 0.738916 -0.01477
110403.0 9.646217492 1.941142638 -0.00030077500000000003 0.022672 -0.673342 0.738901 -0.010989
110536.0 9.640534065 1.916253861 4.2873e-05 0.021293 -0.673192 0.739101 -0.009441
110670.0 9.638884744999999 1.889290562 -0.001565181 0.01921 -0.673286 0.7391 -0.006959
110870.0 9.636242719 1.849139727 -0.001654408 0.016087 -0.673301 0.739185 -0.003578
111138.0 9.632996438 1.795621965 -0.002548228 0.010216 -0.673527 0.739085 0.003181
111338.0 9.629052955999999 1.756630194 -0.0012556179999999998 0.005759 -0.673914 0.738738 0.008549
111472.0 9.626793419 1.7299074909999999 0.00028700300000000003 0.003248 -0.673504 0.739099 0.010757
111672.0 9.622018602 1.689786673 -0.000437205 -0.000153 -0.672984 0.73952 0.014249
111872.0 9.622559741 1.648298573 -0.0015881719999999999 -0.003428 -0.671923 0.740388 0.018252
112140.0 9.620270525 1.594632564 0.001411791 -0.006137 -0.671355 0.740797 0.021568
112273.0 9.61748439 1.5717594209999999 0.001824494 -0.006796 -0.671163 0.74094 0.022408
112474.0 9.616128844999999 1.5332550409999999 0.0025274610000000004 -0.007086 -0.670648 0.741389 0.022887
112674.0 9.616456926000001 1.496940075 0.002550129 -0.007972 -0.670241 0.741715 0.023942
112808.0 9.614793059 1.475368483 0.005023654 -0.008226 -0.67023 0.741703 0.024521
113008.0 9.612296048000001 1.435101367 0.002597304 -0.010058 -0.669866 0.74196 0.025946
113208.0 9.609170408 1.393070233 0.003572048 -0.013243 -0.669781 0.741842 0.029802
113342.0 9.607502010000001 1.3662918830000002 0.001383993 -0.015825 -0.668975 0.742353 0.033679
113542.0 9.60325574 1.3254393740000001 0.001921095 -0.021359 -0.668405 0.742381 0.040617
113810.0 9.5934481 1.279851576 0.001742074 -0.030258 -0.668308 0.741583 0.050047
114077.0 9.588441478 1.237906186 0.002958451 -0.038392 -0.668513 0.740429 0.058151
114277.0 9.588676044 1.2087411970000002 -0.000880925 -0.045113 -0.668206 0.739748 0.065098
114478.0 9.582027024999999 1.174481383 0.00128414 -0.053182 -0.668514 0.738223 0.072721
114678.0 9.575331611 1.145159412 -0.003948862 -0.060891 -0.668103 0.7372 0.080418
114945.0 9.566135245 1.1049650670000002 -0.003736749 -0.07083 -0.667499 0.735578 0.091397
115079.0 9.563958430000001 1.08708761 -0.001110385 -0.076223 -0.6674 0.734464 0.09659
115279.0 9.557437141000001 1.062457067 -0.000703799 -0.083056 -0.666512 0.733475 0.104294
115546.0 9.547270393000002 1.031888489 0.00022598399999999998 -0.090653 -0.665906 0.73192 0.112445
115747.0 9.540718478 1.0128009009999999 0.004012267999999999 -0.096607 -0.665605 0.730432 0.118768
115947.0 9.533896114 0.994692736 0.003023464 -0.102589 -0.664697 0.729315 0.125513
116148.0 9.525324871999999 0.975883516 0.0025490409999999997 -0.108378 -0.663973 0.727973 0.132096
116281.0 9.519542408 0.962504765 0.0006146740000000001 -0.112132 -0.663121 0.727356 0.136568
116482.0 9.506807137 0.940896133 0.000386623 -0.11802 -0.662077 0.726116 0.143108
116682.0 9.499282345 0.915849941 -0.001052842 -0.124991 -0.66072 0.724702 0.150441
116949.0 9.486214233999998 0.8879633800000001 0.005502115 -0.133644 -0.659837 0.722037 0.15943
117083.0 9.483522816 0.870558226 0.001857228 -0.137696 -0.658879 0.720973 0.16467
117216.0 9.472773500999999 0.859376926 0.002370117 -0.1416 -0.657984 0.720026 0.169025
117484.0 9.455885554 0.829687719 0.001654932 -0.150245 -0.655838 0.717956 0.178444
117617.0 9.448529656 0.8158488079999999 -0.0005867639999999999 -0.154051 -0.654323 0.71743 0.182823
117751.0 9.437407115 0.799565377 -0.002058415 -0.157494 -0.653145 0.716979 0.185849
117885.0 9.429735505 0.787077496 0.001716726 -0.160382 -0.652705 0.715983 0.188737
118085.0 9.415031685 0.7664054650000001 0.001383347 -0.164815 -0.651313 0.715013 0.193348
118218.0 9.407190557 0.7508036180000001 0.0014232340000000002 -0.167416 -0.650536 0.714389 0.196019
118486.0 9.388451539 0.722060464 0.005350638 -0.172569 -0.648985 0.71302 0.201597
118686.0 9.371766260000001 0.69895511 0.002265536 -0.176272 -0.647262 0.712276 0.206503
118953.0 9.35033723 0.670886437 0.003663681 -0.181958 -0.646006 0.710128 0.212804
119154.0 9.334680152999999 0.649183358 0.004747722 -0.186207 -0.644645 0.708768 0.217735
119421.0 9.313220138999998 0.617552513 0.004495928 -0.19185 -0.642628 0.70689 0.22479
119621.0 9.295019664 0.596548234 0.005779952 -0.196966 -0.64079 0.705138 0.231025
119755.0 9.282938829 0.578977328 0.003130941 -0.200616 -0.639294 0.70401 0.235429
119955.0 9.264014609 0.5577771850000001 0.0059869960000000005 -0.207202 -0.637422 0.70135 0.242628
120156.0 9.242264738 0.5324565649999999 0.003427387 -0.21526 -0.634084 0.69863 0.252024
120356.0 9.217111844 0.507809255 0.004869512 -0.223976 -0.63093 0.694898 0.262447
120557.0 9.18740713 0.477267884 0.0042202229999999995 -0.234028 -0.627821 0.690503 0.272539
120757.0 9.160669673000001 0.45248546900000003 0.003283562 -0.241347 -0.624953 0.687433 0.280396
120891.0 9.143254376000002 0.438417485 0.003503576 -0.245639 -0.623605 0.685322 0.2848
121158.0 9.110211498999998 0.41022787899999996 0.0059543600000000006 -0.253491 -0.620657 0.681544 0.2933
121291.0 9.094995869 0.399828709 0.004331418 -0.257441 -0.618709 0.679946 0.297651
121492.0 9.071727573 0.383320611 0.0053145959999999996 -0.263321 -0.616434 0.676792 0.304344
121759.0 9.037896468000001 0.358128446 0.002144703 -0.270821 -0.612874 0.673516 0.312119
122026.0 9.008025672 0.337429738 0.00303266 -0.278719 -0.609156 0.669448 0.321067
122227.0 8.987163773 0.325776312 0.005529453 -0.283003 -0.607309 0.666942 0.325997
122360.0 8.975345356 0.31705325599999995 0.004568635 -0.286731 -0.605328 0.6654 0.329555
122561.0 8.955892627999999 0.307692767 0.005442151 -0.2914 -0.603452 0.66255 0.334603
122828.0 8.930952756 0.29259033 0.00579174 -0.299069 -0.599596 0.658313 0.343024
123028.0 8.90668075 0.27897149000000004 0.00792244 -0.306244 -0.596065 0.654051 0.350911
123162.0 8.889409205 0.268798345 0.007924401 -0.310993 -0.593332 0.651089 0.356825
123362.0 8.861066156000001 0.255286275 0.007429489 -0.318558 -0.588611 0.646314 0.366518
123563.0 8.831662961 0.240485271 0.007267750999999999 -0.326994 -0.584205 0.640947 0.375454
123763.0 8.80289559 0.226407578 0.00545363 -0.334929 -0.579554 0.635872 0.384196
123963.0 8.777877894 0.217109456 0.005684071999999999 -0.341485 -0.575848 0.63125 0.391549
124097.0 8.763358654 0.209971689 0.00650009 -0.344776 -0.573829 0.628768 0.395603
124231.0 8.750043086 0.203840534 0.004377567 -0.34805 -0.571615 0.626586 0.399384
124364.0 8.735227632 0.19871240399999998 0.001727036 -0.351384 -0.569496 0.624437 0.402843
124565.0 8.715703106000001 0.193651724 0.002458722 -0.355868 -0.567128 0.621381 0.406951
124765.0 8.692870258000001 0.186528494 0.003266893 -0.360728 -0.564464 0.617698 0.411952
124965.0 8.670110367 0.17979329100000002 0.002619636 -0.365877 -0.56137 0.613892 0.417294
125233.0 8.633391364 0.169089692 0.0020902219999999997 -0.373012 -0.557075 0.608375 0.424747
125433.0 8.603017578000001 0.159997084 0.002278705 -0.378683 -0.553195 0.604372 0.430475
125633.0 8.572514797 0.15024682 0.00231343 -0.383535 -0.550523 0.600756 0.434647
125834.0 8.544574498 0.142720663 0.0010066230000000001 -0.387287 -0.547658 0.597903 0.438853
126034.0 8.514296586 0.133875012 0.001729931 -0.391211 -0.545051 0.595046 0.442485
126168.0 8.494319376 0.128786135 0.000558466 -0.39349 -0.543422 0.5936 0.444407
126368.0 8.461663241 0.119135813 0.0008188 -0.397675 -0.540567 0.590337 0.448491
126569.0 8.428500432 0.110166467 0.002182626 -0.402291 -0.537568 0.58677 0.452641
126702.0 8.403117188 0.10332516900000001 0.002531411 -0.405738 -0.5353 0.583732 0.456167
126903.0 8.365798613 0.09680006299999999 0.002232103 -0.410413 -0.531625 0.579524 0.461614
127103.0 8.327769437 0.08728044 0.002096372 -0.414352 -0.528188 0.575955 0.466482
127370.0 8.280551965 0.08127358900000001 0.001174917 -0.419438 -0.524412 0.572041 0.470992
127571.0 8.243481701 0.075287829 0.0020039090000000003 -0.423133 -0.521611 0.568809 0.474697
127704.0 8.22093302 0.071674649 0.000419449 -0.425619 -0.519233 0.566381 0.477973
127971.0 8.168588273000001 0.066442581 0.001080881 -0.430401 -0.515477 0.561903 0.483016
128239.0 8.11255697 0.060982422 -7.801700000000001e-05 -0.43523 -0.511905 0.557386 0.487698
128439.0 8.068815273 0.057907569 -0.0038966129999999997 -0.438366 -0.508828 0.554283 0.491629
128573.0 8.043310756 0.057438298000000006 -0.000310848 -0.440331 -0.507198 0.552275 0.493813
128773.0 7.999933929 0.054685435 0.000203119 -0.442919 -0.50512 0.549514 0.496701
128907.0 7.970305991999999 0.05234456 -0.0006122149999999999 -0.444847 -0.502839 0.547651 0.499343
129107.0 7.922276334 0.049609055 0.000109329 -0.448172 -0.49975 0.544424 0.502985
129241.0 7.887212862 0.050516364 -0.000166625 -0.450545 -0.497188 0.541749 0.506281
129508.0 7.815827485 0.048970592 0.002643869 -0.456897 -0.491047 0.53556 0.513121
129708.0 7.763611128 0.051144458999999996 0.003590262 -0.460443 -0.486497 0.531881 0.518088
129842.0 7.729598877 0.051082616000000004 0.004347107 -0.462335 -0.483849 0.529849 0.520957
129975.0 7.697431956 0.054102548 0.0035823170000000002 -0.463488 -0.481882 0.52844 0.523183
130109.0 7.666664721 0.052895029 0.0050458610000000004 -0.464377 -0.48013 0.527078 0.525374
130243.0 7.635545457 0.054319572999999996 0.004043412 -0.465191 -0.47832 0.525483 0.527896
130443.0 7.587750823 0.058256053 0.002236058 -0.466784 -0.475798 0.523648 0.530586
130643.0 7.532913596 0.063575387 0.002281881 -0.468766 -0.474797 0.521231 0.532113
130844.0 7.476651947000001 0.068841658 0.0007961009999999999 -0.470936 -0.473108 0.518822 0.534052
130977.0 7.437119629 0.071495073 0.002022674 -0.472091 -0.471665 0.517108 0.535968
131178.0 7.378722615 0.077839354 0.002256582 -0.475404 -0.469429 0.51392 0.538065
131378.0 7.321129658 0.083272522 0.003206144 -0.479567 -0.466772 0.509555 0.540827
131512.0 7.281680462000001 0.089317786 0.0015307010000000002 -0.481861 -0.465201 0.507214 0.542339
131712.0 7.226173407 0.097729558 0.0025653769999999998 -0.485595 -0.462637 0.504128 0.544077
131846.0 7.188795269 0.10216899700000001 0.002485652 -0.487796 -0.461306 0.502286 0.544941
131979.0 7.151828994000001 0.106185546 0.00264568 -0.489158 -0.460065 0.50068 0.546246
132180.0 7.098553205999999 0.113464551 0.001966746 -0.490107 -0.459189 0.499716 0.547015
132380.0 7.046205574 0.120228355 0.001842467 -0.489772 -0.459258 0.49939 0.547554
132647.0 6.9783900270000006 0.128064641 0.0032818260000000003 -0.489511 -0.459586 0.499047 0.547824
132781.0 6.943831538 0.130630893 0.00132309 -0.488691 -0.460178 0.499981 0.547208
132915.0 6.908234256 0.135028535 0.001937573 -0.487183 -0.46218 0.501656 0.545329
133115.0 6.852210402 0.14110558499999998 0.003248699 -0.484764 -0.464708 0.504032 0.543142
133315.0 6.796525288 0.149297608 0.002841797 -0.482763 -0.466744 0.5066 0.540783
133583.0 6.727019814999999 0.157977988 0.002663042 -0.48082 -0.468563 0.508989 0.538693
133783.0 6.6764224500000005 0.166394991 0.002604113 -0.48007 -0.46961 0.509966 0.537526
133983.0 6.6266351850000005 0.173750911 0.001471334 -0.479667 -0.469621 0.510293 0.537566
134184.0 6.573898701 0.179834104 0.0019688270000000003 -0.479575 -0.469684 0.509809 0.538051
134317.0 6.539097914 0.18368500299999999 0.001814915 -0.479769 -0.46931 0.509506 0.538492
134518.0 6.487410228 0.19032323299999998 0.0013975200000000002 -0.480177 -0.468769 0.509079 0.539002
134785.0 6.423641514 0.19754333 0.001708538 -0.479304 -0.469057 0.510207 0.538463
134985.0 6.376963519 0.20249029 0.0021569980000000002 -0.478002 -0.470198 0.511956 0.536963
135186.0 6.325895192 0.207902899 0.0022445629999999998 -0.475914 -0.472936 0.514856 0.533629
135453.0 6.256409046 0.214750847 0.001270876 -0.471278 -0.477427 0.520804 0.527942
135653.0 6.204422109 0.217715732 0.001042832 -0.467505 -0.481331 0.524344 0.524236
135787.0 6.171066840000001 0.219355199 0.000487208 -0.465109 -0.483679 0.526413 0.522128
136054.0 6.106278731000001 0.223296186 0.000618858 -0.463009 -0.486105 0.528299 0.519832
136321.0 6.036728106 0.22558763099999998 0.000583766 -0.461372 -0.487346 0.530134 0.518254
136522.0 5.983379715 0.22566333800000002 0.000688783 -0.46036 -0.489399 0.531164 0.51616
136722.0 5.931522299 0.225456085 0.000301545 -0.458418 -0.491282 0.533494 0.513691
136923.0 5.884733807 0.223873921 0.000220471 -0.455192 -0.494134 0.537069 0.510088
137123.0 5.841689136 0.22017566500000002 -8.263299999999999e-05 -0.45029 -0.498339 0.541851 0.505267
137323.0 5.7997326540000005 0.21475952799999998 0.000680033 -0.44509 -0.502708 0.546519 0.500496
137524.0 5.754628214 0.209430402 0.000882024 -0.440868 -0.506512 0.550939 0.495527
137791.0 5.689262768 0.20125617399999998 0.000886972 -0.434734 -0.511494 0.556697 0.489355
137991.0 5.637618065 0.19410240099999998 0.000588804 -0.429815 -0.515323 0.561813 0.483806
138192.0 5.588166778 0.18755363600000002 0.0007504969999999999 -0.426179 -0.517995 0.56473 0.480763
138392.0 5.541804452 0.18047572 0.001910998 -0.422266 -0.521014 0.567703 0.477441
138526.0 5.510912105 0.17637952 0.001599981 -0.420446 -0.52224 0.569623 0.475416
138659.0 5.4779341530000005 0.171005667 0.002033856 -0.418684 -0.523405 0.571221 0.473769
138860.0 5.426035071 0.163228067 0.002412868 -0.416466 -0.52497 0.573044 0.471787
138993.0 5.390468722 0.15788497 0.002696464 -0.414402 -0.526325 0.57517 0.469502
139127.0 5.354122354 0.151547741 0.0023302139999999997 -0.412073 -0.528231 0.577452 0.466601
139327.0 5.303630691 0.141148059 0.003140097 -0.407518 -0.531678 0.581389 0.461773
139461.0 5.27226193 0.13338424299999999 0.0033204940000000002 -0.404605 -0.533811 0.583672 0.458986
139661.0 5.228225199000001 0.12280533 0.0035291199999999997 -0.40021 -0.537015 0.587245 0.454522
139929.0 5.169245170999999 0.10733738 0.003474078 -0.393032 -0.542168 0.593515 0.446453
140129.0 5.122670423 0.092211901 0.003520693 -0.387715 -0.545912 0.598061 0.44043
140263.0 5.093102978 0.08355227700000001 0.0021695950000000003 -0.383644 -0.548835 0.601115 0.436186
140463.0 5.052061354 0.066782272 0.003633342 -0.37789 -0.552941 0.605091 0.430488
140663.0 5.011258214000001 0.050260677000000004 0.004187796 -0.374147 -0.555342 0.607451 0.427331
140797.0 4.98546579 0.040341751 0.004174505 -0.372177 -0.556679 0.608916 0.425223
140931.0 4.956741897 0.029698524 0.004729288000000001 -0.370584 -0.557759 0.609929 0.423744
141131.0 4.911627252000001 0.010041939 0.004953529999999999 -0.368774 -0.559224 0.611473 0.42116
141265.0 4.882304557 -0.003683026 0.005138793 -0.366692 -0.560758 0.613108 0.418553
141398.0 4.853772442 -0.015669523 0.003300865 -0.364459 -0.561762 0.615265 0.415985
141665.0 4.794656699999999 -0.045125467 0.002655316 -0.361088 -0.5639 0.61794 0.412046
141866.0 4.754943485 -0.06796714799999999 0.005246188 -0.358483 -0.565869 0.619475 0.409308
142066.0 4.715688139 -0.090215462 0.006993219 -0.355941 -0.567928 0.621366 0.405792
142333.0 4.658083033 -0.1225567 0.004198371 -0.353188 -0.56922 0.624136 0.402121
142534.0 4.614183339 -0.148303619 0.0053024 -0.351633 -0.570559 0.625443 0.399547
142667.0 4.58503916 -0.163102363 0.00583962 -0.350436 -0.571405 0.626206 0.398191
142801.0 4.556252172000001 -0.180151808 0.005483809 -0.350041 -0.571552 0.626625 0.397669
143001.0 4.513940331 -0.204310561 0.006699142 -0.349692 -0.572289 0.626573 0.396997
143202.0 4.473470359 -0.225598779 0.00492197 -0.349734 -0.572107 0.626751 0.396943
143335.0 4.444701852000001 -0.24065851000000002 0.00551968 -0.350132 -0.572126 0.626341 0.39721
143536.0 4.40043041 -0.264751099 0.004534681 -0.351267 -0.57133 0.625708 0.39835
143736.0 4.353820111 -0.29042950300000003 0.0067327 -0.352876 -0.57088 0.624165 0.399991
143937.0 4.307262014 -0.31452757600000003 0.007604485 -0.356543 -0.568498 0.621775 0.403836
144204.0 4.249327096 -0.348017408 0.009457979 -0.361853 -0.56583 0.617748 0.409005
144471.0 4.185049788000001 -0.37927572600000004 0.009136414 -0.366999 -0.56246 0.614039 0.414617
144671.0 4.13539723 -0.404525311 0.009703914 -0.372666 -0.559371 0.609025 0.421086
144872.0 4.088195781 -0.428246378 0.007671369 -0.377813 -0.555715 0.605216 0.426792
145139.0 4.031163185 -0.45110736500000004 0.008589358 -0.385837 -0.550446 0.598838 0.435352
145339.0 3.989127979 -0.466504566 0.007720626 -0.392604 -0.545669 0.593772 0.442202
145540.0 3.9486027210000003 -0.47941555 0.008466484 -0.400946 -0.539843 0.586676 0.451246
145740.0 3.907739566 -0.489073665 0.008053559 -0.410949 -0.532465 0.578218 0.461808
145941.0 3.86628536 -0.496974926 0.009411638 -0.422896 -0.522882 0.567475 0.475106
146141.0 3.8264818700000003 -0.501094544 0.009758875 -0.434639 -0.513335 0.556632 0.487583
146275.0 3.8005074289999996 -0.50146912 0.009563426 -0.441528 -0.507365 0.549705 0.495438
146475.0 3.7635460640000002 -0.501290288 0.01135372 -0.452441 -0.497746 0.538939 0.50704
146675.0 3.725165049 -0.499639204 0.011479583 -0.463436 -0.487407 0.527429 0.519115
146876.0 3.684899632 -0.49469366200000003 0.011108149 -0.474512 -0.475848 0.514729 0.532411
147143.0 3.629161585 -0.485721222 0.009568406 -0.490498 -0.458645 0.496559 0.549987
147343.0 3.590684199 -0.476341701 0.010982830999999998 -0.501528 -0.446912 0.483146 0.561524
147544.0 3.5558190140000003 -0.466349943 0.010869104000000001 -0.512062 -0.434795 0.469551 0.572946
147744.0 3.521490694 -0.452327942 0.010299505 -0.522513 -0.421522 0.455082 0.584978
147945.0 3.488425381 -0.43685593899999997 0.010623363 -0.534316 -0.406986 0.438695 0.597006
148212.0 3.438743843 -0.413457354 0.009418704 -0.550548 -0.384369 0.413497 0.614962
148412.0 3.4027112350000004 -0.39249705 0.009068097 -0.561842 -0.366807 0.394225 0.627991
148679.0 3.3535491139999998 -0.360403486 0.00957211 -0.575976 -0.344465 0.370373 0.6422
148880.0 3.318510643 -0.337961036 0.009380737 -0.583117 -0.331976 0.357122 0.649793
149080.0 3.284004463 -0.314593144 0.008874426 -0.587252 -0.324868 0.349796 0.653635
149347.0 3.232480932 -0.278921442 0.008708542 -0.588185 -0.322877 0.347525 0.654993
149481.0 3.201781528 -0.261150088 0.009380936 -0.587578 -0.323861 0.34881 0.654368
149748.0 3.1396757859999997 -0.224736129 0.011097994 -0.583488 -0.329939 0.356259 0.65097
149949.0 3.097571121 -0.20227498900000002 0.011602989000000001 -0.579418 -0.336078 0.36341 0.647502
150149.0 3.060050756 -0.185831849 0.011952284 -0.57484 -0.343925 0.372157 0.642475
150416.0 3.01492805 -0.171687706 0.012346523 -0.567242 -0.355173 0.385413 0.635253
150683.0 2.969976684 -0.16278684599999999 0.011584523000000001 -0.558235 -0.368998 0.401396 0.625376
150951.0 2.918676896 -0.154950754 0.012237307 -0.548066 -0.38414 0.417852 0.614377
151084.0 2.889796048 -0.151883188 0.011979059 -0.542585 -0.392323 0.426095 0.608381
151351.0 2.826652689 -0.144199927 0.012125467000000001 -0.53076 -0.408144 0.443418 0.595897
151485.0 2.795066041 -0.143595001 0.011743884 -0.525857 -0.414721 0.450564 0.590316
151619.0 2.762726888 -0.14016257 0.010219747 -0.521066 -0.420794 0.456801 0.585453
151752.0 2.7268035289999997 -0.134696898 0.010512618 -0.5174 -0.425746 0.461487 0.581436
151886.0 2.69186867 -0.12911124699999998 0.010011755 -0.515312 -0.428399 0.464303 0.579095
152086.0 2.638575335 -0.11931 0.008665697 -0.513164 -0.431883 0.466959 0.576271
152287.0 2.5832417 -0.108989672 0.008447571 -0.512087 -0.434107 0.469633 0.573379
152420.0 2.545189218 -0.101922873 0.008827382 -0.511364 -0.43564 0.471026 0.571716
152554.0 2.508284434 -0.095474768 0.008504569 -0.509916 -0.437235 0.472931 0.570218
152687.0 2.4725525999999998 -0.089913995 0.008337096 -0.509004 -0.43883 0.474089 0.568843
152888.0 2.421720004 -0.080895766 0.00781646 -0.507783 -0.440917 0.475969 0.566746
153088.0 2.371916342 -0.073155412 0.007241071 -0.507986 -0.440813 0.475224 0.567271
153222.0 2.3373407680000002 -0.067750665 0.007634961 -0.507946 -0.440857 0.475397 0.567128
153422.0 2.286089085 -0.061559784 0.007126174 -0.507705 -0.441694 0.475717 0.566423
153623.0 2.2331543459999996 -0.059256136 0.006870208 -0.507022 -0.442474 0.476576 0.565704
153823.0 2.178306676 -0.054755459 0.007272266 -0.505365 -0.443596 0.4781 0.565021
153957.0 2.143479789 -0.052695467 0.007375291 -0.504363 -0.444863 0.479432 0.563791
154157.0 2.090931725 -0.049052596999999996 0.007127442 -0.503202 -0.445634 0.480293 0.563486
154357.0 2.038039807 -0.043518601 0.008016595000000001 -0.502525 -0.446555 0.481056 0.56271
154558.0 1.983911727 -0.040024745 0.0076730340000000005 -0.50284 -0.445928 0.480664 0.56326
154691.0 1.946583308 -0.037244799999999995 0.007881216 -0.502615 -0.445895 0.480682 0.563472
154959.0 1.869325794 -0.03000562 0.007430779 -0.502793 -0.444565 0.479688 0.565208
155092.0 1.829772672 -0.027162587 0.007579436 -0.504005 -0.443372 0.478619 0.565972
155226.0 1.7903805460000002 -0.025229569 0.00726069 -0.504437 -0.442474 0.477759 0.567016
155493.0 1.7123245589999998 -0.016445359 0.0070401809999999995 -0.505419 -0.44047 0.475995 0.56918
155693.0 1.652487083 -0.009607884 0.007586582 -0.50707 -0.438845 0.474507 0.570209
155894.0 1.595127479 -0.005896889 0.008578408 -0.507943 -0.438333 0.473373 0.570767
156094.0 1.540539939 0.00029001 0.008153539 -0.508742 -0.436961 0.472789 0.571592
156295.0 1.4869539139999999 0.007656954 0.007836136 -0.509195 -0.436483 0.47239 0.571884
156428.0 1.450736888 0.010797515 0.007999024 -0.509435 -0.436415 0.472092 0.571968
156629.0 1.3971055369999998 0.014243259999999999 0.006609409 -0.509098 -0.436577 0.472563 0.571754
156829.0 1.343065633 0.02209423 0.004875206 -0.508515 -0.436395 0.473278 0.571822
157096.0 1.2709911090000001 0.032454594999999996 0.006348864 -0.508028 -0.438084 0.474496 0.56995
157297.0 1.2193495319999998 0.034863384000000004 0.004180591 -0.507903 -0.438101 0.474473 0.570067
157497.0 1.1675323229999999 0.042008308999999994 0.005933783 -0.507948 -0.439395 0.475035 0.568562
157697.0 1.119133559 0.044945448 0.003293346 -0.507358 -0.439004 0.475676 0.568854
157965.0 1.05694046 0.051858027 0.003411776 -0.505403 -0.441849 0.478401 0.566101
158165.0 1.012583579 0.049357126 0.007347891 -0.503449 -0.444819 0.480995 0.56331
158432.0 0.955042572 0.053338008 0.0050592480000000006 -0.49693 -0.451114 0.489129 0.557055
158699.0 0.894834466 0.0514157 0.006447452 -0.488546 -0.460097 0.499622 0.547733
158900.0 0.851454254 0.045593460999999995 0.006776153 -0.479893 -0.468824 0.509514 0.538797
159033.0 0.8240065070000001 0.038929225000000005 0.006835685 -0.473318 -0.475174 0.517082 0.531796
159234.0 0.784797978 0.029055246 0.005549317000000001 -0.462255 -0.485351 0.529447 0.520039
159367.0 0.760815911 0.022011762999999997 0.006149036 -0.454408 -0.49267 0.537982 0.511239
159568.0 0.726712975 0.001615515 0.005281371 -0.444046 -0.502009 0.548848 0.499576
159768.0 0.6914731590000001 -0.01945516 0.007283561 -0.436173 -0.509478 0.556417 0.490495
159969.0 0.65261513 -0.045337414 0.005341047 -0.428646 -0.515161 0.563546 0.482998
160169.0 0.612308458 -0.071332499 0.005104506 -0.422649 -0.520013 0.568538 0.477198
160369.0 0.5722150319999999 -0.097956473 0.005710383 -0.419769 -0.52255 0.57066 0.474429
160570.0 0.532313542 -0.122623916 0.0044518760000000004 -0.418077 -0.523716 0.573153 0.471623
160770.0 0.494121543 -0.14812461300000002 0.005362724 -0.417606 -0.524853 0.573705 0.470102
160971.0 0.45583954699999996 -0.16846259900000002 0.0059420900000000006 -0.417651 -0.524903 0.573867 0.469811
161171.0 0.414912833 -0.186288736 0.006192344000000001 -0.420946 -0.523406 0.571011 0.472014
161371.0 0.376555511 -0.200306658 0.0065434609999999995 -0.425863 -0.519951 0.566699 0.476596
161505.0 0.353842178 -0.205681746 0.004653888 -0.428753 -0.516866 0.564162 0.480355
161639.0 0.33064892500000004 -0.21256811099999998 0.005677783 -0.432546 -0.513747 0.560145 0.48498
161839.0 0.296046423 -0.21970888 0.0056614529999999995 -0.43843 -0.508952 0.554689 0.490986
162039.0 0.264319708 -0.22354735199999998 0.005265979 -0.443824 -0.503882 0.54947 0.497197
162240.0 0.231254887 -0.226019019 0.004292841 -0.449846 -0.497951 0.543503 0.50427
162373.0 0.206654581 -0.22787538799999998 0.005715578 -0.454583 -0.493671 0.53838 0.509697
162507.0 0.18167103499999998 -0.227450144 0.0038398959999999998 -0.459809 -0.487944 0.533068 0.516067
162641.0 0.155612865 -0.22789382900000002 0.0034135140000000003 -0.464899 -0.482783 0.527195 0.522355
162841.0 0.115504583 -0.22205018899999998 0.00291877 -0.473401 -0.474067 0.518182 0.531637
162975.0 0.091662199 -0.22307464400000002 0.0052838979999999995 -0.479359 -0.468676 0.510855 0.538131
163108.0 0.064443653 -0.211519022 0.000359842 -0.483233 -0.463444 0.50618 0.543588
163309.0 0.028728083 -0.200843132 0.004805113000000001 -0.491256 -0.456359 0.499059 0.548948
163442.0 0.00649436 -0.20042163300000002 0.001725656 -0.494802 -0.451585 0.492711 0.555407
163643.0 -0.025074726 -0.19130181999999998 0.002592592 -0.500025 -0.445936 0.485731 0.56141
163843.0 -0.065317325 -0.17859232 0.002503796 -0.505986 -0.439653 0.478432 0.567262
164043.0 -0.106524075 -0.16551989 0.0021117840000000002 -0.512447 -0.432781 0.46955 0.574126
164177.0 -0.13082891900000002 -0.156309368 0.003151494 -0.515789 -0.428819 0.465266 0.577584
164377.0 -0.1710205 -0.141915464 0.0014753000000000001 -0.519581 -0.423466 0.459647 0.582612
164511.0 -0.194782332 -0.131672703 1.271e-05 -0.520873 -0.420889 0.457128 0.585302
164645.0 -0.218842544 -0.12420649 0.001966976 -0.52337 -0.418695 0.454196 0.586928
164845.0 -0.252613204 -0.111194165 0.004245183 -0.525716 -0.416724 0.452106 0.587846
165045.0 -0.285235357 -0.098701119 0.0023379470000000004 -0.526149 -0.41527 0.450791 0.589496
165246.0 -0.320263615 -0.085550956 0.0019276789999999999 -0.527209 -0.413092 0.448777 0.591612
165446.0 -0.346585503 -0.071878517 0.002025047 -0.528147 -0.41209 0.447491 0.592448
165647.0 -0.36787688100000004 -0.061961929 0.001423541 -0.529214 -0.410936 0.445954 0.593455
165780.0 -0.378913273 -0.056724024 0.000646518 -0.529079 -0.410861 0.445195 0.594197
165914.0 -0.38772503399999997 -0.049798116 -0.001778991 -0.530229 -0.408767 0.44336 0.595985
166114.0 -0.381736707 -0.047728692 -0.000192298 -0.531917 -0.406777 0.441087 0.597528
166381.0 -0.369222685 -0.044722656 -0.0017097850000000001 -0.534928 -0.402437 0.437118 0.600687
166582.0 -0.355587102 -0.042356656 -0.000654665 -0.538879 -0.397628 0.431895 0.604126
166782.0 -0.336044961 -0.038429185 -0.000471445 -0.544257 -0.389859 0.422805 0.610762
166983.0 -0.312826714 -0.023709189999999998 -0.001324398 -0.552593 -0.377825 0.408487 0.620506
167183.0 -0.28985111 -0.005736526 -0.001995328 -0.564102 -0.360475 0.388769 0.633014
167383.0 -0.26822680400000004 0.012916496000000001 -0.002038241 -0.573853 -0.344069 0.371802 0.643485
167584.0 -0.252407637 0.024242917 -0.002844381 -0.58003 -0.332184 0.35978 0.650982
167717.0 -0.24747461799999998 0.028493131 -0.000763033 -0.584284 -0.326039 0.352291 0.654371
167918.0 -0.237508788 0.032979576000000003 -0.001144756 -0.588937 -0.317025 0.343045 0.659521
168118.0 -0.229669724 0.035384971 -0.001970321 -0.593463 -0.308367 0.332716 0.664839
168319.0 -0.220397043 0.036762949999999996 -0.0022431969999999997 -0.600209 -0.294954 0.317862 0.672097
168452.0 -0.21379988900000002 0.037629297 -0.00360731 -0.604315 -0.284965 0.307421 0.677563
168653.0 -0.204886761 0.034362965 -0.002514589 -0.610459 -0.27137 0.292461 0.684226
168786.0 -0.20187152800000002 0.030962081000000002 -0.0020523729999999997 -0.614864 -0.262099 0.281853 0.688335
168920.0 -0.196631338 0.026726354 -0.0021859289999999997 -0.618159 -0.253317 0.272925 0.692259
169053.0 -0.191039063 0.022311196 -0.00120378 -0.62099 -0.247314 0.266031 0.694576
169254.0 -0.17872991600000002 0.016956235 -0.003242296 -0.622009 -0.241855 0.26162 0.697256
169454.0 -0.167794273 0.013444832 -0.0007390449999999999 -0.623617 -0.239357 0.258165 0.697969
169588.0 -0.15786415299999998 0.011823855999999999 -0.001789931 -0.62409 -0.236825 0.255499 0.69939
169788.0 -0.142882408 0.01027481 0.000249227 -0.626433 -0.232139 0.249387 0.70107
169989.0 -0.12543954200000001 0.006119091 0.0006612780000000001 -0.628895 -0.225431 0.241673 0.703752
170189.0 -0.105733987 0.00286331 0.00029044199999999997 -0.631593 -0.216828 0.232584 0.707093
170389.0 -0.08462901599999999 -0.0035971289999999997 -0.0007297940000000001 -0.63571 -0.204525 0.218991 0.711396
170523.0 -0.07109774899999999 -0.008705978999999999 0.001022366 -0.63928 -0.195158 0.208028 0.714114
170724.0 -0.048403145 -0.019114831 0.002300287 -0.643768 -0.180467 0.19172 0.718497
170857.0 -0.03483284 -0.026347503 0.000890624 -0.646249 -0.170167 0.180779 0.721613
171058.0 -0.018794995000000002 -0.036663031 0.0008167410000000001 -0.650428 -0.154465 0.163198 0.725569
171191.0 -0.010246784 -0.043291556999999994 7.6146e-05 -0.652525 -0.14525 0.153105 0.727786
171392.0 -0.001308322 -0.051583349 0.001118255 -0.655687 -0.133328 0.139829 0.729895
171525.0 0.003499659 -0.055921121 0.000707816 -0.657395 -0.125521 0.131499 0.73129
171726.0 0.006006257 -0.060270048 0.001577357 -0.660378 -0.114706 0.119444 0.732446
171926.0 0.002283852 -0.054801343 -0.00062652 -0.662081 -0.104935 0.108888 0.734017
172060.0 -7.8944e-05 -0.046329554 -0.000383771 -0.663528 -0.097419 0.101036 0.734869
172260.0 -0.006586676 -0.035722117 0.00012895000000000002 -0.66435 -0.091019 0.094221 0.735851
172460.0 -0.007564625 -0.016179353 0.00032075100000000003 -0.664977 -0.083798 0.085767 0.737175
172661.0 0.001565406 0.010974373999999999 0.0010542050000000001 -0.666585 -0.065838 0.065139 0.739653
172861.0 0.010168411 0.038279376999999996 0.0010380629999999999 -0.668131 -0.049261 0.047429 0.740895
172995.0 0.011293765 0.053874018 0.001115608 -0.668306 -0.044285 0.041778 0.741391
173195.0 0.013483954000000001 0.07533051 0.001152007 -0.668303 -0.040527 0.037237 0.741851
173396.0 0.010973756 0.101882373 0.001753107 -0.668655 -0.037623 0.034266 0.74183
173596.0 0.008579264999999999 0.130795142 0.001962061 -0.668318 -0.034125 0.030293 0.742475
173863.0 0.007636584 0.166961961 0.002720117 -0.668221 -0.032966 0.028868 0.742671
173997.0 0.006855282 0.18519044299999998 0.002636717 -0.66807 -0.031608 0.027364 0.742923
174197.0 0.007999305 0.210817307 0.002699574 -0.668437 -0.028948 0.025419 0.742771
174398.0 0.006104993 0.235999618 0.00198503 -0.668403 -0.026761 0.022989 0.742962
174531.0 0.005868511 0.250012615 0.002076258 -0.668543 -0.025382 0.021248 0.742936
174665.0 0.004816858 0.261083193 0.001574422 -0.668595 -0.023439 0.019444 0.743003
174798.0 0.00605918 0.268143079 0.001754038 -0.668802 -0.022139 0.018227 0.742888
174932.0 0.006421541 0.271502884 0.0016316949999999998 -0.668769 -0.021847 0.018182 0.742927
175066.0 0.006329945 0.273068948 0.0013599889999999998 -0.668723 -0.021752 0.017939 0.742977
175199.0 0.006715383 0.272810997 0.001639653 -0.668747 -0.021861 0.017816 0.742955
175400.0 0.006166936 0.272415239 0.0010836110000000002 -0.668629 -0.021718 0.017565 0.743071
175600.0 0.006830717 0.272191893 0.001135645 -0.668587 -0.021726 0.017752 0.743104
175800.0 0.006648676 0.272144925 0.001278583 -0.668641 -0.021485 0.017753 0.743063
176001.0 0.006631982 0.272149771 0.001378488 -0.668671 -0.021541 0.017577 0.743038
176201.0 0.006648505 0.271946584 0.001231841 -0.668603 -0.021515 0.017532 0.743101
176402.0 0.006808147 0.27187514700000004 0.001065192 -0.668623 -0.021558 0.017535 0.743083
