47744 -4.79209e-05 -6.86436e-05 3.49161e-06 -0.517849 0.481487 -0.474321 0.524426
48011 0.000308499 0.00052097 0.00028044 -0.517706 0.481537 -0.474375 0.524472
48212 3.4879e-05 -0.000140963 4.20089e-05 -0.517838 0.481532 -0.474295 0.524419
48412 5.55402e-05 -0.000107525 8.44771e-05 -0.517823 0.481588 -0.474186 0.524481
48613 -3.72604e-05 1.03373e-05 4.05707e-05 -0.517864 0.481417 -0.474261 0.52453
48813 0.000107963 0.000442278 0.000287512 -0.517681 0.481551 -0.474238 0.524608
49013 2.55501e-05 0.00043657 0.000291472 -0.517652 0.481524 -0.47432 0.524588
49281 0.00075953 0.00102138 0.000660656 -0.517459 0.481732 -0.474365 0.524546
49481 0.00271313 0.00109384 -0.000617853 -0.517839 0.48183 -0.473891 0.524509
49615 0.0101364 0.00371728 -0.000331348 -0.518792 0.482669 -0.473021 0.523581
49748 0.02201 0.00526584 0.00018088 -0.519442 0.483567 -0.472192 0.522855
49949 0.0458585 0.00863562 -0.00260434 -0.523773 0.485957 -0.469513 0.518715
50149 0.0728076 0.012998 -0.00460269 -0.527924 0.491539 -0.463232 0.51488
50416 0.0970445 0.0129969 -0.00327254 -0.531677 0.494267 -0.461967 0.509515
50550 0.108188 0.0115849 -0.00299103 -0.531113 0.494173 -0.462999 0.509258
50683 0.12107 0.0136328 -0.00601318 -0.528986 0.491743 -0.464671 0.512292
50951 0.16151 0.0110904 0.00694929 -0.516263 0.488376 -0.473566 0.520285
51218 0.202317 0.0193369 -0.0043878 -0.51533 0.481365 -0.475601 0.525858
51418 0.247039 0.035548 0.0031693 -0.507769 0.479386 -0.480834 0.530244
51619 0.282939 0.0351285 -0.00610426 -0.5096 0.475737 -0.482105 0.530619
51752 0.31491 0.0378697 0.00219551 -0.504965 0.480709 -0.482712 0.530018
51953 0.350507 0.0407016 -0.00766349 -0.507829 0.474606 -0.484156 0.531462
52153 0.40365 0.0430753 -0.0013229 -0.501751 0.478154 -0.485512 0.532816
52353 0.444959 0.0412131 -0.010152 -0.50475 0.472293 -0.486622 0.534196
52554 0.509851 0.0411429 -0.00801539 -0.498328 0.474672 -0.488972 0.535968
52754 0.551227 0.0344209 -0.0115923 -0.50053 0.469288 -0.49047 0.537287
52888 0.574383 0.0375958 -0.014551 -0.495675 0.470825 -0.489511 0.541304
53088 0.62113 0.0293384 -0.0143087 -0.499475 0.467401 -0.488215 0.541947
53289 0.671613 0.0259083 -0.00835544 -0.498504 0.466378 -0.488073 0.543848
53489 0.725827 0.0206496 -0.00537694 -0.49727 0.466324 -0.487373 0.545649
53623 0.770716 0.0149889 -0.0125343 -0.497755 0.466733 -0.49245 0.540272
53823 0.811147 0.019034 -0.00696629 -0.497523 0.46605 -0.487046 0.545944
53957 0.857455 0.01164 -0.0162551 -0.500425 0.468417 -0.489676 0.538867
54090 0.885074 0.0152988 -0.00793988 -0.50256 0.470142 -0.482502 0.541842
54291 0.962842 0.0110797 -0.0101426 -0.506903 0.473272 -0.489097 0.529006
54491 1.02238 0.0165806 -0.0234465 -0.508354 0.475351 -0.481016 0.533143
54691 1.06979 0.0158703 -0.0202922 -0.513842 0.476736 -0.479819 0.527697
54892 1.11892 0.0193051 -0.0258398 -0.518119 0.478979 -0.47533 0.525541
55092 1.16727 0.0210774 -0.0232182 -0.520016 0.480844 -0.475602 0.521705
55226 1.20234 0.0259435 -0.0248983 -0.518959 0.48072 -0.474988 0.523427
55426 1.25883 0.0314224 -0.0248145 -0.519485 0.481918 -0.478018 0.519027
55627 1.31534 0.0347527 -0.0309592 -0.517934 0.482331 -0.478929 0.519354
55760 1.34753 0.03615 -0.0291506 -0.518721 0.481718 -0.474634 0.523067
55961 1.3983 0.0384746 -0.0385132 -0.51761 0.482154 -0.479998 0.518854
56094 1.43214 0.0415067 -0.0303551 -0.516732 0.480684 -0.476656 0.524147
56295 1.47373 0.0435172 -0.0449376 -0.515721 0.479563 -0.482173 0.521115
56428 1.51165 0.0405541 -0.0411062 -0.517514 0.478113 -0.47716 0.525267
56562 1.55858 0.0412724 -0.0509136 -0.51533 0.475323 -0.485423 0.522368
56695 1.58333 0.045864 -0.043272 -0.516564 0.476523 -0.478354 0.52656
56896 1.62213 0.04577 -0.0532776 -0.51357 0.47643 -0.483955 0.52445
57096 1.67006 0.0488796 -0.0542068 -0.511139 0.478481 -0.478374 0.530048
57230 1.71111 0.0561182 -0.0452956 -0.51619 0.477449 -0.478208 0.52622
57430 1.75312 0.0546999 -0.0549141 -0.515165 0.475627 -0.475 0.531751
57631 1.797 0.056632 -0.0492693 -0.514629 0.475257 -0.475943 0.531757
57764 1.83396 0.0558971 -0.051659 -0.515339 0.474934 -0.480031 0.527668
57965 1.86766 0.0472842 -0.0422894 -0.505087 0.475038 -0.484579 0.5333
58098 1.90759 0.0517648 -0.0508145 -0.507291 0.470906 -0.485605 0.533939
58299 1.94732 0.0392677 -0.0544593 -0.498723 0.462317 -0.497671 0.538389
58432 1.98769 0.0444976 -0.0546701 -0.496445 0.462466 -0.493564 0.544115
58566 2.0146 0.0413073 -0.0626819 -0.490097 0.460467 -0.498424 0.547128
58766 2.06029 0.03843 -0.0573287 -0.489626 0.457099 -0.499303 0.549566
58900 2.07851 0.0381272 -0.0671127 -0.484996 0.455193 -0.504862 0.550176
59167 2.14104 0.0315911 -0.0678844 -0.481615 0.456455 -0.50418 0.55272
59301 2.16996 0.0346993 -0.0597568 -0.486724 0.452869 -0.50257 0.552659
59501 2.2058 0.0301083 -0.0691302 -0.484236 0.459714 -0.49977 0.551732
59701 2.24845 0.0361658 -0.0608571 -0.487655 0.453339 -0.501425 0.552494
59835 2.27437 0.0367856 -0.0697932 -0.485181 0.456829 -0.502526 0.550794
60035 2.31707 0.0338098 -0.0564339 -0.48964 0.454546 -0.499317 0.551655
60236 2.34324 0.0415361 -0.0674605 -0.49464 0.457886 -0.499534 0.544186
60369 2.37432 0.033959 -0.0518515 -0.493023 0.455671 -0.497485 0.549364
60570 2.40159 0.0211083 -0.0614774 -0.491414 0.463334 -0.494512 0.547076
60770 2.44157 0.0297142 -0.0755041 -0.492144 0.461371 -0.493054 0.54939
60904 2.47879 0.0280348 -0.086303 -0.496646 0.452234 -0.493856 0.552208
61104 2.52445 0.00468647 -0.0914421 -0.490788 0.448382 -0.504382 0.551071
61305 2.5528 0.00393963 -0.0743637 -0.485648 0.446422 -0.502927 0.558496
61572 2.59309 -0.019143 -0.088423 -0.482839 0.44271 -0.51171 0.555903
61772 2.63028 -0.0301286 -0.0816901 -0.476649 0.439008 -0.509496 0.566119
61973 2.67482 -0.0611953 -0.0956118 -0.46431 0.434357 -0.516774 0.57332
62173 2.70094 -0.0660189 -0.0882609 -0.458071 0.422366 -0.524539 0.580204
62373 2.71633 -0.0733436 -0.103272 -0.448207 0.421991 -0.529342 0.583808
62507 2.74588 -0.0836408 -0.0894754 -0.445663 0.411059 -0.534898 0.588472
62707 2.76691 -0.0979607 -0.0983238 -0.431182 0.406844 -0.542963 0.59477
62908 2.81497 -0.105791 -0.0902181 -0.431727 0.398605 -0.544298 0.59872
63108 2.83885 -0.125916 -0.102221 -0.418013 0.391808 -0.553359 0.604603
63242 2.87532 -0.127074 -0.0904233 -0.418866 0.386573 -0.552398 0.608251
63509 2.90552 -0.144595 -0.102529 -0.407142 0.374023 -0.563713 0.613653
63776 2.97365 -0.15486 -0.10324 -0.400447 0.375674 -0.561388 0.619157
63910 3.00499 -0.157191 -0.0938931 -0.407093 0.373493 -0.557727 0.61945
64177 3.05878 -0.175783 -0.103585 -0.403929 0.379691 -0.558531 0.617025
64311 3.09999 -0.184278 -0.0967309 -0.411646 0.376941 -0.554752 0.61702
64511 3.13028 -0.201937 -0.121515 -0.403957 0.37502 -0.556865 0.621353
64712 3.17524 -0.22523 -0.10893 -0.395326 0.370364 -0.561973 0.625088
64979 3.23558 -0.253795 -0.11139 -0.381454 0.356947 -0.570338 0.633874
65179 3.2733 -0.279212 -0.110252 -0.369647 0.344034 -0.575371 0.643389
65379 3.31058 -0.30848 -0.109112 -0.356194 0.332132 -0.584723 0.648779
65580 3.36347 -0.344744 -0.109185 -0.34847 0.317083 -0.593521 0.652503
65713 3.39192 -0.357359 -0.0981038 -0.338479 0.311159 -0.592866 0.661153
65914 3.42654 -0.397469 -0.110448 -0.321377 0.299394 -0.602841 0.66608
66114 3.46652 -0.443159 -0.108914 -0.309743 0.28277 -0.611086 0.671323
66248 3.49051 -0.458309 -0.100216 -0.29737 0.276539 -0.611263 0.679305
66448 3.52432 -0.507693 -0.109712 -0.276842 0.265424 -0.619395 0.685024
66649 3.55538 -0.535835 -0.102921 -0.265767 0.248803 -0.623078 0.692271
66782 3.56107 -0.562338 -0.110777 -0.25484 0.243934 -0.626794 0.694753
66916 3.59199 -0.590687 -0.106007 -0.244311 0.228372 -0.631171 0.699844
67116 3.61731 -0.623205 -0.115131 -0.223865 0.216544 -0.636825 0.705299
67317 3.63813 -0.67481 -0.117395 -0.214389 0.199799 -0.644652 0.706075
67517 3.66235 -0.726223 -0.11719 -0.19896 0.183805 -0.649721 0.710277
67651 3.68331 -0.768162 -0.106832 -0.187351 0.178008 -0.646951 0.717403
67851 3.69841 -0.821774 -0.115799 -0.16681 0.166394 -0.653798 0.719052
67985 3.72016 -0.863814 -0.105012 -0.158028 0.150515 -0.653012 0.725223
68252 3.75085 -0.919297 -0.110135 -0.132718 0.121872 -0.661726 0.727772
68385 3.75659 -0.966537 -0.110565 -0.120243 0.122214 -0.66196 0.729667
68586 3.7655 -1.0161 -0.113772 -0.106812 0.111821 -0.663195 0.732297
68786 3.79085 -1.07308 -0.109147 -0.0960235 0.0995807 -0.665529 0.733441
68987 3.7974 -1.10778 -0.104071 -0.0848207 0.0843254 -0.662987 0.739015
69187 3.81429 -1.14573 -0.111454 -0.0743782 0.0741236 -0.666541 0.738035
69388 3.82714 -1.20785 -0.109202 -0.0620128 0.0676243 -0.666064 0.74023
69588 3.84192 -1.27032 -0.112823 -0.0530336 0.0607384 -0.667798 0.739963
69722 3.84979 -1.31379 -0.109262 -0.0503168 0.0541046 -0.667969 0.740513
69989 3.8691 -1.4066 -0.110191 -0.0424916 0.0451072 -0.668642 0.740998
70189 3.88861 -1.48001 -0.108407 -0.0363924 0.0378896 -0.669481 0.740969
70390 3.90615 -1.55346 -0.106298 -0.0300778 0.0342417 -0.670609 0.74041
70590 3.92122 -1.63229 -0.109491 -0.0250801 0.0313449 -0.672233 0.73925
70790 3.93493 -1.70307 -0.111723 -0.0177234 0.0286816 -0.673542 0.73838
70991 3.94933 -1.77647 -0.10983 -0.0194232 0.0251979 -0.67301 0.738949
71124 3.95407 -1.83026 -0.111397 -0.0185082 0.0255355 -0.673045 0.738929
71325 3.96003 -1.90475 -0.108738 -0.0149335 0.0272227 -0.672786 0.739186
71458 3.96066 -1.96038 -0.103838 -0.0183686 0.0234059 -0.671819 0.740118
71659 3.96487 -2.02408 -0.109821 -0.0145571 0.0232761 -0.672604 0.739493
71859 3.96509 -2.09772 -0.111801 -0.015172 0.0210135 -0.67343 0.738797
71993 3.97075 -2.14431 -0.113355 -0.0133285 0.0201533 -0.673825 0.738496
72126 3.97144 -2.19557 -0.111888 -0.00997608 0.0221502 -0.673487 0.7388
72327 3.9752 -2.26305 -0.112334 -0.0111296 0.0176901 -0.67368 0.738728
72527 3.97915 -2.33061 -0.112299 -0.0125307 0.0131914 -0.673255 0.739186
72661 3.98066 -2.38018 -0.112001 -0.0102792 0.0134029 -0.672624 0.739792
72861 3.98434 -2.45434 -0.110198 -0.00708383 0.0130495 -0.671842 0.740546
73062 3.98074 -2.51995 -0.110558 -0.00958315 0.0119004 -0.669953 0.742247
73262 3.98465 -2.59225 -0.109388 -0.00981467 0.011777 -0.668833 0.743255
73462 3.99033 -2.66084 -0.112643 -0.0102421 0.0136939 -0.666407 0.745392
73663 3.99009 -2.72782 -0.108548 -0.00894806 0.0155227 -0.667564 0.744337
73863 3.99371 -2.7946 -0.104033 -0.00814121 0.0183608 -0.667528 0.744314
74064 3.98809 -2.85292 -0.105624 -0.012103 0.0136146 -0.671553 0.740733
74197 3.98553 -2.90258 -0.101134 -0.00969192 0.0152746 -0.671418 0.740858
74331 3.98985 -2.93104 -0.101552 -0.0112601 0.0184269 -0.671127 0.741028
74464 3.98177 -2.96969 -0.101846 -0.0106646 0.015302 -0.671261 0.740986
74598 3.99026 -3.00223 -0.106193 -0.0175243 0.0150514 -0.67241 0.739818
74865 3.98948 -3.05912 -0.117028 -0.0122801 0.0102158 -0.673436 0.739073
74999 3.98524 -3.1041 -0.117775 -0.00866671 0.012527 -0.670818 0.741465
75199 3.982 -3.14649 -0.122729 -0.00605782 0.0113539 -0.674083 0.738543
75466 3.98111 -3.21185 -0.123007 -0.000945021 0.0128688 -0.674635 0.738039
75600 3.98852 -3.25387 -0.113145 -0.00189953 0.00745431 -0.671574 0.740897
75867 3.9835 -3.31213 -0.125124 -0.00332993 0.00783479 -0.674804 0.737947
76001 3.98636 -3.35399 -0.113685 -0.00283937 0.00747047 -0.671213 0.741221
76134 3.98228 -3.3909 -0.124499 -0.00113843 0.0122671 -0.675066 0.737654
76268 3.98609 -3.42591 -0.113893 -0.0040759 0.00799339 -0.67127 0.741158
76402 3.97814 -3.45799 -0.125354 -0.00236162 0.0131023 -0.674291 0.738345
76602 3.98313 -3.50861 -0.120134 -0.00138507 0.0128302 -0.674797 0.737891
76802 3.98796 -3.5523 -0.1051 -0.00529862 0.00922972 -0.671151 0.741245
77003 3.98838 -3.59727 -0.117903 -0.000352515 0.0110884 -0.673664 0.738954
77270 3.9872 -3.64432 -0.121997 0.000628413 0.0100255 -0.672587 0.73995
77404 3.98273 -3.68446 -0.108401 -0.00413678 0.00756844 -0.669071 0.743149
77604 3.98319 -3.72324 -0.121709 0.000379627 0.0102693 -0.672023 0.740459
77738 3.98031 -3.76613 -0.111246 -0.0030104 0.00675342 -0.668175 0.743967
77938 3.9849 -3.80804 -0.12195 -0.00208382 0.010512 -0.671204 0.741195
78138 3.99051 -3.86206 -0.116888 -4.66507e-05 0.0112804 -0.671761 0.740682
78339 3.99397 -3.91517 -0.11428 -0.00141283 0.00903321 -0.671699 0.740767
78606 3.99788 -3.9795 -0.107342 -0.00735271 0.00627345 -0.672178 0.740326
78806 3.99817 -4.02962 -0.104008 -0.00255361 0.013568 -0.672625 0.739855
79007 4.00145 -4.07541 -0.105179 -0.00310136 0.0140191 -0.67175 0.740638
79207 4.00496 -4.12591 -0.106573 -0.00896853 0.00819726 -0.670894 0.741454
79341 3.99526 -4.1671 -0.0943394 -0.0042667 0.00729825 -0.667657 0.744421
79541 4.00022 -4.20165 -0.105455 -0.0101116 0.00991953 -0.671481 0.740887
79742 4.0042 -4.24647 -0.1046 -0.00465046 0.0148502 -0.671251 0.741067
80009 4.00685 -4.3027 -0.102376 -0.00468125 0.0148202 -0.671239 0.741078
80209 4.00668 -4.3473 -0.104988 -0.0075996 0.0107932 -0.670183 0.742079
80476 4.00605 -4.4074 -0.109631 -0.00814667 0.010212 -0.670203 0.742063
80677 4.00964 -4.46103 -0.113907 -0.000404278 0.0135174 -0.669865 0.74236
80944 4.00895 -4.52128 -0.114825 -0.00160246 0.00830533 -0.670186 0.742145
81078 3.99954 -4.56639 -0.104846 0.00179232 0.00342766 -0.666529 0.745469
81211 4.00904 -4.59801 -0.113342 0.00309127 0.00910078 -0.670621 0.741738
81412 4.00966 -4.6496 -0.107682 0.000841193 0.00805173 -0.671671 0.740805
81545 3.99588 -4.69533 -0.100476 -0.000633891 0.0041855 -0.667755 0.744369
81746 4.00726 -4.74154 -0.111089 -0.005183 0.00793244 -0.671855 0.740622
82013 4.01011 -4.82134 -0.106575 -0.00306763 0.014528 -0.672852 0.739628
82146 4.0028 -4.85488 -0.100692 -0.00531985 0.010236 -0.668543 0.743584
82280 4.01281 -4.88471 -0.108584 -0.00728876 0.018087 -0.672493 0.739846
82414 4.00156 -4.92598 -0.0991549 -0.00953594 0.0141765 -0.668349 0.743651
82614 4.01469 -4.97046 -0.108831 -0.0162287 0.0185001 -0.672192 0.739968
82814 4.01374 -5.03204 -0.105249 -0.0141485 0.0251499 -0.672284 0.739731
82948 4.00856 -5.06795 -0.097157 -0.0159512 0.0206445 -0.668164 0.743556
83148 4.02223 -5.11543 -0.107122 -0.0180125 0.0290002 -0.671763 0.739979
83349 4.02691 -5.15509 -0.104739 -0.0207435 0.0312083 -0.67179 0.739793
83549 4.03462 -5.20032 -0.104486 -0.0245844 0.0314796 -0.670776 0.740584
83683 4.03171 -5.23771 -0.094276 -0.0234352 0.0291212 -0.666521 0.744549
83816 4.04217 -5.26333 -0.103177 -0.028653 0.0340395 -0.670197 0.740849
84017 4.03945 -5.3102 -0.0935774 -0.0271852 0.0327202 -0.665636 0.745063
84284 4.05037 -5.3527 -0.101854 -0.0311194 0.0364234 -0.668418 0.742242
84418 4.04589 -5.38943 -0.0896554 -0.0316602 0.036551 -0.664967 0.745306
84618 4.05347 -5.42738 -0.102689 -0.0353511 0.0393472 -0.667754 0.7425
84752 4.05462 -5.47031 -0.0929408 -0.0349919 0.0396123 -0.663337 0.746452
84952 4.06449 -5.50966 -0.10347 -0.0365984 0.0442969 -0.665691 0.744012
85152 4.07503 -5.55876 -0.103171 -0.0336372 0.043744 -0.665583 0.744281
85353 4.07641 -5.61144 -0.10128 -0.03215 0.0432316 -0.665734 0.744242
85553 4.08317 -5.66474 -0.104283 -0.0268032 0.0411067 -0.665179 0.74507
85754 4.08789 -5.72167 -0.0989561 -0.0256185 0.038978 -0.666333 0.744194
85887 4.08617 -5.74876 -0.0896158 -0.0240359 0.0305166 -0.663047 0.74757
86088 4.09804 -5.79904 -0.0967693 -0.0238141 0.0312743 -0.666327 0.744623
86221 4.09529 -5.83109 -0.0897999 -0.0160638 0.0238048 -0.663067 0.748009
86422 4.09522 -5.87247 -0.0990024 -0.0120648 0.0264319 -0.667232 0.744283
86622 4.10114 -5.92457 -0.0783415 -0.0100508 0.0174774 -0.667715 0.744144
86822 4.09593 -5.97659 -0.087326 -0.0104572 0.0167509 -0.665743 0.74592
87023 4.08953 -6.0183 -0.083806 -0.00769484 0.015543 -0.664454 0.747128
87156 4.09215 -6.04609 -0.0903945 -0.0147179 0.0150747 -0.667869 0.74398
87290 4.08525 -6.07884 -0.0818353 -0.008972 0.0158823 -0.664264 0.747275
87490 4.09085 -6.13195 -0.084126 -0.0157518 0.0183625 -0.665522 0.745986
87624 4.08105 -6.15462 -0.0764217 -0.0104223 0.0172849 -0.665274 0.746326
87758 4.09315 -6.18915 -0.0803895 -0.0169042 0.018238 -0.666017 0.745522
87958 4.08039 -6.23622 -0.072197 -0.011635 0.0187368 -0.665769 0.745832
88158 4.08894 -6.28249 -0.0722547 -0.0169662 0.0222023 -0.665957 0.745466
88292 4.07578 -6.31137 -0.0703096 -0.011948 0.0198458 -0.665441 0.746091
88426 4.08344 -6.34864 -0.0708494 -0.0148674 0.0222851 -0.665482 0.745933
88693 4.07419 -6.39114 -0.0740747 -0.0128305 0.0189708 -0.664469 0.746965
88893 4.06618 -6.43552 -0.0784717 -0.0158856 0.015577 -0.665478 0.746086
89094 4.0625 -6.47992 -0.0753236 -0.0118111 0.0157908 -0.666528 0.745219
89294 4.05863 -6.52386 -0.077456 -0.0117035 0.0111637 -0.667461 0.744469
89494 4.04892 -6.57124 -0.0756664 -0.0100201 0.00965021 -0.667531 0.744452
89628 4.04044 -6.60469 -0.0750365 -0.00202655 0.00834367 -0.667024 0.744987
89828 4.047 -6.64686 -0.0752449 -0.00512776 0.00597324 -0.668168 0.743968
90029 4.04815 -6.69333 -0.0816407 -0.00179816 0.00327291 -0.667668 0.74445
90229 4.04702 -6.74257 -0.0734315 0.000345212 -2.45994e-05 -0.668018 0.744145
90430 4.04327 -6.79792 -0.079164 0.00535139 -0.0032334 -0.668221 0.743937
90563 4.0381 -6.83949 -0.0835171 0.0148566 -0.0068384 -0.668313 0.7437
90697 4.04318 -6.86479 -0.075604 0.0109111 -0.00923498 -0.670122 0.742114
90830 4.0275 -6.90542 -0.0802002 0.020215 -0.011335 -0.668647 0.743219
91031 4.03329 -6.94454 -0.0835233 0.0160837 -0.0130141 -0.671283 0.740912
91164 4.02321 -6.98437 -0.0779419 0.0247706 -0.0157308 -0.668644 0.743004
91365 4.0295 -7.02052 -0.0798249 0.0241599 -0.0160406 -0.672615 0.739425
91565 4.02833 -7.06359 -0.0746913 0.0292047 -0.015546 -0.673665 0.738296
91699 4.01458 -7.09943 -0.0691862 0.0325367 -0.0218097 -0.66944 0.741833
91966 4.01583 -7.1462 -0.0697608 0.0347953 -0.0172802 -0.67377 0.73792
92233 4.01071 -7.20958 -0.0696983 0.030109 -0.022953 -0.673088 0.738593
92434 4.00837 -7.26039 -0.0632405 0.0363438 -0.0222825 -0.673328 0.738114
92701 4.00526 -7.32745 -0.0629129 0.0399395 -0.0243847 -0.673457 0.737744
92901 3.99695 -7.37786 -0.0691147 0.0443609 -0.0302152 -0.673154 0.737552
93168 3.98186 -7.45022 -0.070292 0.0575126 -0.0392574 -0.673662 0.735752
93369 3.97077 -7.50674 -0.0689077 0.061927 -0.0538964 -0.673255 0.734839
93569 3.95671 -7.56242 -0.0682435 0.0779305 -0.0630504 -0.672736 0.733061
93703 3.94996 -7.60715 -0.0562997 0.0873639 -0.0715832 -0.66974 0.733956
93903 3.93844 -7.64896 -0.0700226 0.088889 -0.0788374 -0.672597 0.730409
94104 3.91031 -7.69501 -0.0712972 0.102657 -0.0798119 -0.66981 0.731058
94237 3.89748 -7.73246 -0.0612769 0.107617 -0.0909497 -0.667752 0.730927
94371 3.89515 -7.76046 -0.065167 0.106225 -0.0966063 -0.670578 0.727811
94504 3.87167 -7.79397 -0.0594311 0.119292 -0.101264 -0.666224 0.72915
94638 3.86995 -7.82235 -0.0722299 0.121371 -0.105692 -0.66871 0.725896
94838 3.85269 -7.86406 -0.0697303 0.13321 -0.113897 -0.667397 0.723785
94972 3.82866 -7.90435 -0.065012 0.141487 -0.121621 -0.661801 0.726092
95106 3.81952 -7.92629 -0.071228 0.148305 -0.12085 -0.663598 0.723214
95239 3.806 -7.96095 -0.0605831 0.154572 -0.132382 -0.6597 0.723449
95373 3.80521 -7.99068 -0.0731502 0.160233 -0.131216 -0.662495 0.719867
95573 3.78462 -8.0303 -0.0752392 0.166758 -0.138031 -0.661527 0.717998
95707 3.76322 -8.06619 -0.0611229 0.172144 -0.148273 -0.655992 0.719761
95907 3.74944 -8.09649 -0.0758317 0.180697 -0.159373 -0.652197 0.718741
96108 3.72415 -8.13668 -0.0632539 0.185371 -0.159631 -0.653426 0.716373
96308 3.71948 -8.16046 -0.0631526 0.191505 -0.164391 -0.65268 0.71436
96508 3.69398 -8.19372 -0.0606201 -0.200638 0.17291 0.649832 -0.712436
96776 3.68339 -8.22179 -0.0721457 0.21139 -0.175329 -0.646225 0.712017
96976 3.65039 -8.2477 -0.0622752 -0.221385 0.190015 0.644374 -0.70687
97110 3.64484 -8.2727 -0.0654716 0.231963 -0.191745 -0.640187 0.706815
97310 3.61489 -8.2924 -0.0660729 -0.238791 0.205676 0.639377 -0.701337
97444 3.60381 -8.3136 -0.0618556 0.251961 -0.209329 -0.6335 0.700981
97577 3.58654 -8.32249 -0.0684843 -0.253169 0.218586 0.635036 -0.696315
97778 3.56686 -8.34294 -0.0719578 -0.264154 0.227935 0.631324 -0.692602
97978 3.55358 -8.36352 -0.0628387 0.280684 -0.236058 -0.624932 0.689168
98245 3.51556 -8.38898 -0.0738326 -0.284834 0.248312 0.62437 -0.683647
98512 3.50249 -8.39764 -0.0642507 0.300818 -0.254886 -0.617861 0.680287
98646 3.48641 -8.41465 -0.0724381 -0.298155 0.261089 0.619612 -0.677508
98846 3.46871 -8.42782 -0.0739381 -0.30555 0.267447 0.616956 -0.674149
99047 3.44376 -8.441 -0.0641596 0.31967 -0.272159 -0.610634 0.671466
99247 3.43039 -8.46026 -0.0751213 -0.319577 0.282434 0.610437 -0.667434
99448 3.41267 -8.47373 -0.0758221 -0.326771 0.289243 0.607138 -0.664036
99581 3.40289 -8.48788 -0.066488 0.332073 -0.297241 -0.600021 0.664342
99782 3.38181 -8.49441 -0.0756824 -0.337081 0.298884 0.60265 -0.658679
99915 3.36676 -8.50194 -0.0775027 -0.340205 0.302555 0.600778 -0.657105
100049 3.36144 -8.49591 -0.0689889 0.351243 -0.304142 -0.595307 0.655543
100182 3.34306 -8.5142 -0.0763549 -0.347583 0.308395 0.597566 -0.653447
100316 3.33296 -8.51939 -0.0767647 -0.350833 0.311665 0.595905 -0.651674
100450 3.33621 -8.5294 -0.0698279 0.354156 -0.319158 -0.592928 0.648959
100583 3.31069 -8.53648 -0.0750216 -0.35701 0.317455 0.592933 -0.648225
100717 3.30096 -8.53912 -0.0766866 -0.360821 0.320273 0.590807 -0.646669
100850 3.30126 -8.54502 -0.0703564 0.364576 -0.329482 -0.587313 0.643108
101051 3.2683 -8.55983 -0.0743668 -0.371199 0.329152 0.586521 -0.640206
101251 3.24184 -8.57836 -0.0777931 0.378 -0.332882 -0.58448 0.636151
101452 3.2242 -8.57476 -0.0764701 -0.386252 0.342694 0.578415 -0.631512
101652 3.19665 -8.58414 -0.0773766 -0.394327 0.349623 0.574084 -0.626656
101852 3.18614 -8.59974 -0.0679371 0.405822 -0.35486 -0.567118 0.622704
102053 3.14066 -8.60369 -0.082763 -0.405522 0.360588 0.567129 -0.61959
102253 3.12877 -8.60951 -0.0730746 0.417049 -0.363219 -0.561288 0.61571
102454 3.09066 -8.6162 -0.0786078 -0.413103 0.368811 0.562552 -0.613889
102654 3.07357 -8.61173 -0.0638659 0.423569 -0.370351 -0.557994 0.609977
102854 3.03741 -8.63155 -0.0783417 -0.420528 0.376419 0.558003 -0.608357
103055 3.00918 -8.64187 -0.064888 0.432587 -0.378408 -0.552034 0.604098
103255 2.9736 -8.6505 -0.0771904 -0.429038 0.384526 0.552495 -0.602342
103456 2.95623 -8.66427 -0.0674481 0.437712 -0.383491 -0.548899 0.600044
103656 2.91733 -8.66388 -0.0766754 -0.436106 0.390505 0.548144 -0.597374
103856 2.89968 -8.67552 -0.068624 0.444781 -0.389154 -0.544021 0.595626
104057 2.86404 -8.6953 -0.0672545 0.449313 -0.394157 -0.54042 0.592203
104190 2.83585 -8.69776 -0.0808082 -0.443093 0.396796 0.542414 -0.593303
104324 2.83153 -8.70096 -0.0773973 -0.443711 0.397477 0.542379 -0.592416
104524 2.80409 -8.70451 -0.0736375 0.454872 -0.397274 -0.53712 0.588869
104658 2.78183 -8.71838 -0.0804849 -0.446942 0.399276 0.540528 -0.590467
104858 2.76689 -8.7255 -0.0682039 0.456129 -0.398355 -0.536674 0.587572
104992 2.73418 -8.74125 -0.0849309 -0.449724 0.401385 0.538305 -0.588954
105192 2.71749 -8.74201 -0.0820389 0.452691 -0.404614 -0.531052 0.591052
105326 2.68554 -8.75729 -0.0863376 -0.451096 0.403257 0.537224 -0.587611
105526 2.68178 -8.75551 -0.0757146 0.456518 -0.404529 -0.531357 0.587883
105660 2.66645 -8.76858 -0.0847239 -0.45133 0.403735 0.536589 -0.587683
105794 2.63658 -8.7733 -0.0790339 -0.450965 0.404027 0.536855 -0.587519
105927 2.61634 -8.77682 -0.0729108 0.455387 -0.39953 -0.535131 0.588756
106061 2.59269 -8.78634 -0.0808344 -0.452792 0.405549 0.535072 -0.586693
106261 2.5596 -8.7818 -0.0899911 0.458755 -0.410492 -0.535597 0.57808
106462 2.5435 -8.7958 -0.0838509 -0.459601 0.410336 0.530096 -0.582572
106662 2.50564 -8.7862 -0.0911026 0.46467 -0.417351 -0.521415 0.581401
106862 2.4763 -8.804 -0.0803509 -0.465354 0.416476 0.525997 -0.57734
106996 2.4536 -8.81351 -0.0933027 0.468683 -0.417915 -0.521298 0.577868
107196 2.43049 -8.80987 -0.0803185 -0.470216 0.420096 0.522667 -0.573791
107397 2.40658 -8.81131 -0.078732 -0.473253 0.421882 0.520926 -0.571562
107597 2.38165 -8.81694 -0.0862966 0.475978 -0.427864 -0.513978 0.571143
107798 2.34468 -8.81812 -0.0819426 -0.478819 0.426873 0.516546 -0.56718
107998 2.31713 -8.81134 -0.0945549 0.483282 -0.433521 -0.50831 0.565791
108198 2.27242 -8.82812 -0.0861807 -0.485941 0.433158 0.51172 -0.560695
108332 2.25006 -8.8163 -0.0883718 0.488777 -0.438854 -0.504459 0.560379
108466 2.21807 -8.82524 -0.0819931 -0.489107 0.437115 0.509364 -0.557004
108666 2.17527 -8.81892 -0.0863008 0.4925 -0.442827 -0.501481 0.556656
108866 2.14554 -8.83101 -0.0871029 -0.494561 0.44245 0.505195 -0.551748
109134 2.10089 -8.81801 -0.0926495 0.498966 -0.450675 -0.500117 0.545718
109267 2.07643 -8.82985 -0.0861335 -0.500161 0.448801 0.500949 -0.545405
109468 2.04754 -8.81828 -0.0970759 0.503397 -0.457987 -0.494367 0.540777
109668 2.00476 -8.82996 -0.090385 -0.506959 0.455533 0.496221 -0.537816
109868 1.97642 -8.81782 -0.0997524 0.507588 -0.465488 -0.491658 0.532867
110002 1.9485 -8.82527 -0.0873146 -0.511473 0.460063 0.492839 -0.532773
110202 1.90078 -8.81128 -0.100416 0.516697 -0.464589 -0.492327 0.52421
110403 1.87755 -8.82184 -0.0926814 -0.517113 0.463733 0.48897 -0.527687
110536 1.85502 -8.81641 -0.0900617 -0.518574 0.464494 0.488045 -0.526439
110670 1.83102 -8.82542 -0.100713 0.515943 -0.467512 -0.489284 0.525202
110870 1.79635 -8.81435 -0.0908599 -0.522948 0.468193 0.484357 -0.522226
111138 1.74414 -8.81494 -0.104966 0.523771 -0.472733 -0.484942 0.516738
111338 1.71433 -8.80252 -0.0914621 -0.530899 0.47577 0.477622 -0.513484
111472 1.67927 -8.80876 -0.098484 0.527878 -0.47931 -0.476413 0.514429
111672 1.65129 -8.80156 -0.0953894 -0.536337 0.479289 0.472152 -0.509605
111872 1.60866 -8.8075 -0.101507 0.534573 -0.481488 -0.474235 0.507447
112140 1.56914 -8.79356 -0.0922518 -0.541862 0.482074 0.46716 -0.50572
112273 1.54715 -8.79783 -0.101527 0.540473 -0.480407 -0.473366 0.503014
112474 1.51795 -8.79196 -0.0925145 -0.543231 0.482522 0.465852 -0.50503
112674 1.4779 -8.79709 -0.0991869 0.540959 -0.482121 -0.470101 0.503913
112808 1.46278 -8.78826 -0.0930095 -0.54484 0.482762 0.464575 -0.504241
113008 1.43391 -8.80028 -0.103649 0.54394 -0.482577 -0.469478 0.500838
113208 1.39118 -8.78596 -0.0942965 -0.548841 0.486281 0.460146 -0.50057
113342 1.36765 -8.78855 -0.100194 0.547986 -0.494942 -0.456205 0.496609
113542 1.33967 -8.79148 -0.0935712 -0.556977 0.491701 0.453221 -0.492541
113810 1.30755 -8.77791 -0.10289 0.558071 -0.502609 -0.447137 0.485808
114077 1.26649 -8.77492 -0.0909252 -0.567462 0.503984 0.440996 -0.479071
114277 1.23988 -8.78384 -0.0998659 0.572368 -0.503894 -0.440614 0.473651
114478 1.21881 -8.77199 -0.0894909 -0.575766 0.514682 0.43072 -0.466986
114678 1.19357 -8.76928 -0.0910864 -0.58038 0.519968 0.424908 -0.460701
114945 1.14091 -8.76706 -0.0930753 0.587692 -0.525869 -0.419799 0.449275
115079 1.13841 -8.75822 -0.0904517 -0.590021 0.530026 0.413592 -0.447089
115279 1.1129 -8.75358 -0.0893478 -0.594567 0.534492 0.407964 -0.440879
115546 1.08249 -8.73884 -0.0857754 0.599656 -0.540551 -0.403679 0.43042
115747 1.07126 -8.74079 -0.0867915 -0.602786 0.543277 0.397559 -0.428306
115947 1.05169 -8.72734 -0.0905776 -0.606585 0.546449 0.392707 -0.423354
116148 1.03191 -8.70967 -0.0913081 0.610432 -0.553932 -0.386127 0.414051
116281 1.02492 -8.7169 -0.0890312 -0.612818 0.552289 0.384723 -0.414028
116482 1.00629 -8.70847 -0.0872812 -0.616441 0.556001 0.379834 -0.408154
116682 0.993119 -8.69221 -0.0949974 0.619655 -0.564537 -0.370816 0.399776
116949 0.952995 -8.68423 -0.091466 -0.625837 0.564493 0.366999 -0.393685
117083 0.953377 -8.67063 -0.0988832 0.625089 -0.573676 -0.35957 0.388417
117216 0.929646 -8.66915 -0.0879278 -0.63041 0.569165 0.360488 -0.385594
117484 0.918805 -8.6497 -0.0952697 0.632016 -0.581 -0.348419 0.376296
117617 0.891408 -8.6464 -0.0865235 -0.637702 0.575767 0.348926 -0.374273
117751 0.879986 -8.63777 -0.0877476 -0.639254 0.577554 0.345634 -0.371917
117885 0.876485 -8.62049 -0.101452 0.638092 -0.585168 -0.338921 0.368171
118085 0.845835 -8.6133 -0.0881262 -0.643595 0.580749 0.339284 -0.365243
118218 0.830732 -8.60426 -0.0922599 -0.645372 0.581535 0.336926 -0.363033
118486 0.820414 -8.58265 -0.101161 0.645182 -0.59002 -0.328841 0.357044
118686 0.787746 -8.57122 -0.0912113 -0.650978 0.585373 0.328094 -0.354852
118953 0.765876 -8.53999 -0.107252 0.651818 -0.594157 -0.319182 0.346747
119154 0.743083 -8.53376 -0.0943274 -0.65686 0.589794 0.319605 -0.344283
119421 0.730984 -8.50795 -0.106806 0.657357 -0.598447 -0.31046 0.336686
119621 0.695895 -8.49496 -0.096055 -0.66369 0.594294 0.309433 -0.332538
119755 0.679876 -8.47099 -0.105409 0.664812 -0.60038 -0.305138 0.323201
119955 0.662788 -8.46289 -0.0969758 -0.669124 0.598783 0.299821 -0.322243
120156 0.642946 -8.44096 -0.0975924 -0.673548 0.602085 0.292252 -0.313712
120356 0.617763 -8.4034 -0.110277 0.675497 -0.611832 -0.278687 0.302818
120557 0.591261 -8.39126 -0.100624 -0.682317 0.610852 0.27414 -0.293514
120757 0.562621 -8.36313 -0.111317 0.683465 -0.617057 -0.269008 0.282403
120891 0.553941 -8.34683 -0.105071 -0.687634 0.615606 0.262538 -0.281535
121158 0.536344 -8.32264 -0.117098 0.686736 -0.623552 -0.252944 0.274946
121291 0.518679 -8.30277 -0.108211 -0.693228 0.619966 0.250376 -0.269052
121492 0.508059 -8.29119 -0.12086 0.693327 -0.625099 -0.247408 0.259495
121759 0.485891 -8.25174 -0.112546 -0.698774 0.62512 0.236848 -0.254641
122026 0.466804 -8.23583 -0.122918 0.69692 -0.630942 -0.230323 0.25133
122227 0.458111 -8.20398 -0.113517 -0.704338 0.629191 0.223563 -0.240929
122360 0.451324 -8.19384 -0.11113 -0.705391 0.630722 0.220009 -0.237084
122561 0.44914 -8.1734 -0.124323 0.704017 -0.638197 -0.209363 0.23072
122828 0.422304 -8.14802 -0.114868 -0.710394 0.635018 0.206488 -0.222385
123028 0.426067 -8.13009 -0.124743 0.711263 -0.641294 -0.198999 0.207958
123162 0.401923 -8.10934 -0.10924 -0.714561 0.639303 0.194191 -0.207325
123362 0.401936 -8.0868 -0.121386 0.716668 -0.645021 -0.185524 0.189512
123563 0.37482 -8.05705 -0.109447 -0.72023 0.644457 0.175969 -0.187025
123763 0.37711 -8.03212 -0.1203 0.719258 -0.652047 -0.161772 0.177012
123963 0.352749 -8.00499 -0.111802 -0.724931 0.64841 0.160093 -0.168554
124097 0.356195 -7.99549 -0.124968 0.722684 -0.653015 -0.155206 0.164959
124231 0.340171 -7.9777 -0.110914 -0.726762 0.65047 0.152066 -0.159943
124364 0.337162 -7.96687 -0.111846 -0.727527 0.651395 0.148774 -0.155739
124565 0.32814 -7.95675 -0.125561 0.725703 -0.657088 -0.139124 0.149114
124765 0.328402 -7.92819 -0.115182 -0.729589 0.653889 0.138021 -0.145183
124965 0.3218 -7.91608 -0.126255 0.726329 -0.659488 -0.130945 0.142743
125233 0.312428 -7.87288 -0.117856 -0.732092 0.657179 0.12424 -0.129312
125433 0.299464 -7.85316 -0.13304 0.729303 -0.661547 -0.118188 0.128467
125633 0.296085 -7.81494 -0.11783 -0.733772 0.659763 0.112065 -0.11719
125834 0.281514 -7.80189 -0.129142 0.730104 -0.664274 -0.108498 0.11797
126034 0.279071 -7.76383 -0.118186 -0.73533 0.661292 0.102599 -0.107032
126168 0.269891 -7.75544 -0.129785 0.731126 -0.66554 -0.10067 0.111252
126368 0.265895 -7.71531 -0.118009 -0.735966 0.662934 0.0950872 -0.0991543
126569 0.252074 -7.69392 -0.127533 0.73238 -0.668544 -0.0859261 0.0963596
126702 0.251274 -7.65963 -0.115649 -0.736501 0.665054 0.0857739 -0.0889489
126903 0.240178 -7.63718 -0.132145 0.734534 -0.669558 -0.0730007 0.0826029
127103 0.238305 -7.59293 -0.117811 -0.738326 0.665967 0.074182 -0.076543
127370 0.242362 -7.55507 -0.130487 0.735556 -0.671086 -0.0617581 0.0691864
127571 0.227062 -7.51651 -0.117701 -0.739134 0.667414 0.062942 -0.0654126
127704 0.238225 -7.50075 -0.128275 0.736498 -0.671585 -0.0577498 0.0566546
127971 0.234772 -7.45405 -0.129652 0.737039 -0.67201 -0.0535379 0.0480539
128239 0.231543 -7.4054 -0.13151 0.737465 -0.672425 -0.0479218 0.0411425
128439 0.229187 -7.36625 -0.128245 0.737053 -0.673469 -0.0434223 0.0361608
128573 0.210958 -7.32596 -0.119272 -0.740585 0.669568 0.0405444 -0.039601
128773 0.223225 -7.29647 -0.130835 0.737715 -0.673466 -0.0371641 0.0289711
128907 0.212075 -7.26112 -0.117918 -0.740938 0.669879 0.0343563 -0.0330657
129107 0.219918 -7.22392 -0.132566 0.739016 -0.67272 -0.0294761 0.0208253
129241 0.209042 -7.18392 -0.119929 -0.742087 0.66938 0.0261151 -0.023568
129508 0.221496 -7.12623 -0.135835 0.740167 -0.672161 -0.0169779 0.00800254
129708 0.223975 -7.077 -0.133969 0.740829 -0.671625 -0.00761651 0.00582743
129842 0.216948 -7.03623 -0.121966 -0.744592 0.667437 0.00882367 -0.00570193
129975 0.226333 -7.01398 -0.133611 0.741816 -0.670597 0.000917448 0.00279674
130109 0.221765 -6.97834 -0.123357 -0.746069 0.665851 0.00477151 -0.000903428
130243 0.227907 -6.9486 -0.134087 0.743362 -0.668855 -0.000884789 -0.00671846
130443 0.223024 -6.90485 -0.122841 -0.746864 0.664947 -0.00011484 0.00630994
130643 0.235346 -6.86361 -0.13438 0.742953 -0.669175 0.00506222 -0.0141305
130844 0.247493 -6.80919 -0.135316 0.742786 -0.669326 0.0112853 -0.0120013
130977 0.241068 -6.76435 -0.123909 -0.746239 0.665495 -0.00685359 0.014038
131178 0.251058 -6.71855 -0.136827 0.742229 -0.669602 0.0120492 -0.0241528
131378 0.260677 -6.66474 -0.139909 0.741826 -0.669811 0.0226507 -0.0230895
131512 0.25527 -6.6183 -0.128145 -0.744336 0.667022 -0.0184569 0.0265544
131712 0.271278 -6.57617 -0.140213 0.740222 -0.671004 0.0248748 -0.0347352
131846 0.271012 -6.53216 -0.128319 -0.742996 0.668085 -0.0245465 0.0318865
131979 0.286169 -6.49841 -0.138918 0.73948 -0.671521 0.0331718 -0.0336029
132180 0.292018 -6.44929 -0.139244 0.739244 -0.671704 0.0304638 -0.0374794
132380 0.298237 -6.40956 -0.140078 0.739672 -0.671504 0.030797 -0.031915
132647 0.305907 -6.34102 -0.138529 0.739725 -0.671466 0.0306579 -0.0316357
132781 0.299445 -6.30206 -0.127144 -0.742848 0.668002 -0.0264688 0.0353403
132915 0.308431 -6.26396 -0.13566 0.739956 -0.671602 0.0231758 -0.0296419
133115 0.314566 -6.2172 -0.122691 -0.742482 0.668934 -0.0205984 0.0286888
133315 0.319466 -6.15516 -0.135962 0.740348 -0.671537 0.0207467 -0.02218
133583 0.322865 -6.10435 -0.136327 0.740491 -0.671586 0.0166366 -0.0191704
133783 0.328499 -6.06377 -0.140471 0.741143 -0.671013 0.014213 -0.0156856
133983 0.335496 -6.01866 -0.141967 0.741697 -0.670455 0.013141 -0.0142784
134184 0.340181 -5.96691 -0.138025 0.741085 -0.671089 0.0134139 -0.015893
134317 0.356703 -5.92844 -0.127031 -0.744426 0.66717 -0.0133786 0.0231443
134518 0.354949 -5.88685 -0.138683 0.741547 -0.670554 0.0134916 -0.0168347
134785 0.362803 -5.82697 -0.137833 0.74196 -0.670147 0.0128648 -0.0152411
134985 0.369405 -5.78176 -0.136283 0.741881 -0.670325 0.0109263 -0.0125406
135186 0.377665 -5.7348 -0.136971 0.741856 -0.670471 0.00782124 -0.00752458
135453 0.385294 -5.66954 -0.136936 0.741784 -0.670623 -0.00279995 -0.00376699
135653 0.3906 -5.61749 -0.135151 0.741628 -0.670741 -0.00969912 -0.000630586
135787 0.402309 -5.57829 -0.124649 -0.74478 0.667265 0.00749278 -0.00194101
136054 0.395547 -5.53208 -0.13557 0.741301 -0.670946 -0.0172012 0.00302854
136321 0.396836 -5.48035 -0.13565 0.741745 -0.670381 -0.0192234 0.0057917
136522 0.401873 -5.40493 -0.134072 0.740937 -0.671166 -0.0219125 0.00825111
136722 0.413307 -5.35803 -0.123148 -0.74404 0.667777 0.0164327 -0.0144304
136923 0.403082 -5.31476 -0.130507 0.740536 -0.671187 -0.0226655 0.0245067
137123 0.409164 -5.27226 -0.121672 -0.744015 0.66709 0.0283962 -0.0250283
137323 0.398018 -5.23982 -0.131798 0.740258 -0.670276 -0.0395955 0.0343511
137524 0.395083 -5.19699 -0.132049 0.740339 -0.669408 -0.0476975 0.0389257
137791 0.388571 -5.13402 -0.130706 0.739848 -0.668877 -0.050578 0.0516657
137991 0.384084 -5.08575 -0.130745 0.739016 -0.668585 -0.0552661 0.0615964
138192 0.379301 -5.04 -0.130416 0.739451 -0.667307 -0.0623607 0.06344
138392 0.373239 -4.99316 -0.128864 0.73931 -0.666499 -0.0651586 0.0703792
138526 0.378963 -4.95439 -0.119879 -0.74327 0.66225 0.065919 -0.0680395
138659 0.366683 -4.93351 -0.130039 0.744513 -0.659826 -0.0748522 0.0687587
138860 0.36273 -4.8826 -0.128432 0.739619 -0.665351 -0.069623 0.0736436
138993 0.363257 -4.84096 -0.116318 -0.742858 0.661128 0.0727256 -0.0760483
139127 0.352646 -4.8132 -0.12684 0.738977 -0.665349 -0.0703927 0.0791741
139327 0.346377 -4.76624 -0.124614 0.737969 -0.664523 -0.078983 0.0870241
139461 0.344969 -4.72623 -0.112712 -0.741019 0.659942 0.0856414 -0.0896312
139661 0.342711 -4.69173 -0.124296 0.73667 -0.662443 -0.0923859 0.0997603
139929 0.313279 -4.65055 -0.128851 0.736383 -0.660007 -0.104582 0.105798
140129 0.302182 -4.60729 -0.128817 0.734881 -0.659061 -0.108428 0.117608
140263 0.303591 -4.56806 -0.1206 -0.738396 0.654603 0.111189 -0.117909
140463 0.287864 -4.53974 -0.130896 0.732828 -0.656793 -0.119887 0.131203
140663 0.292745 -4.49589 -0.120296 -0.736875 0.651651 0.123505 -0.130817
140797 0.280561 -4.48381 -0.133407 0.732054 -0.654634 -0.127001 0.139359
140931 0.270451 -4.44203 -0.120595 -0.736092 0.650937 0.127686 -0.134707
141131 0.248765 -4.41226 -0.131393 0.732219 -0.652874 -0.136479 0.137783
141265 0.247353 -4.37634 -0.118333 -0.734726 0.650025 0.13297 -0.141293
141398 0.22267 -4.35323 -0.130554 0.731087 -0.651868 -0.141961 0.142922
141665 0.197728 -4.30519 -0.131047 0.730408 -0.65079 -0.145367 0.147804
141866 0.178333 -4.26621 -0.127259 0.729205 -0.650566 -0.147355 0.152679
142066 0.155488 -4.22845 -0.129939 0.729059 -0.649278 -0.151686 0.154604
142333 0.132926 -4.1778 -0.126743 0.727865 -0.648516 -0.155597 0.159464
142534 0.11541 -4.13812 -0.128203 0.727384 -0.647682 -0.157546 0.163094
142667 0.104392 -4.10009 -0.118239 -0.730372 0.645211 0.15072 -0.165962
142801 0.0840852 -4.08643 -0.131942 0.727325 -0.646891 -0.157827 0.166198
143001 0.070782 -4.04568 -0.134179 0.72659 -0.646862 -0.156722 0.170514
143202 0.0572286 -4.00121 -0.128798 -0.731236 0.643322 0.152165 -0.168157
143335 0.0237083 -3.97749 -0.125733 0.72522 -0.649033 -0.153233 0.171264
143536 0.00842088 -3.93218 -0.118721 -0.730887 0.645229 0.150319 -0.163976
143736 -0.0167847 -3.89921 -0.12563 0.726016 -0.649586 -0.150782 0.167937
143937 -0.0416873 -3.85663 -0.12063 0.727237 -0.650606 -0.149203 0.159924
144204 -0.0749204 -3.78573 -0.118659 0.72881 -0.652861 -0.138539 0.153022
144471 -0.105747 -3.73328 -0.117415 0.730335 -0.65492 -0.128223 0.14577
144671 -0.115319 -3.68912 -0.108062 -0.735042 0.651912 0.126557 -0.136777
144872 -0.135354 -3.65376 -0.118321 0.733409 -0.656265 -0.118813 0.131571
145139 -0.1584 -3.60218 -0.114955 0.734865 -0.65831 -0.111562 0.118975
145339 -0.170642 -3.56202 -0.118103 0.7361 -0.659544 -0.105031 0.110123
145540 -0.186691 -3.5233 -0.11588 0.737273 -0.661747 -0.0937216 0.0986741
145740 -0.196607 -3.48433 -0.109594 0.737808 -0.664716 -0.0797787 0.0861809
145941 -0.203 -3.43504 -0.10438 -0.743674 0.661806 0.0649583 -0.0688667
146141 -0.211882 -3.40407 -0.111768 0.741382 -0.667183 -0.049816 0.0523217
146275 -0.208583 -3.37331 -0.10129 -0.745183 0.664337 0.0401459 -0.0417998
146475 -0.212936 -3.34714 -0.109955 0.742636 -0.668647 -0.0289978 0.0237052
146675 -0.207231 -3.30022 -0.0973248 -0.745707 0.66613 0.0104205 -0.00912831
146876 -0.203626 -3.27063 -0.11057 0.743653 -0.668501 0.0052184 -0.00772859
147143 -0.194475 -3.21679 -0.109867 0.74233 -0.668628 0.0263889 -0.0344441
147343 -0.187895 -3.17115 -0.0983717 -0.74416 0.664378 -0.045837 0.0522257
147544 -0.178624 -3.14564 -0.10925 0.739085 -0.667405 0.0584733 -0.0700383
147744 -0.163136 -3.10549 -0.098568 -0.740631 0.661456 -0.0782461 0.0884281
147945 -0.153067 -3.08119 -0.110726 0.734059 -0.6638 0.0921679 -0.109695
148212 -0.131194 -3.03541 -0.110583 0.728886 -0.659664 0.120413 -0.138096
148412 -0.106618 -2.99452 -0.100608 -0.727706 0.650711 -0.144373 0.16179
148679 -0.0859119 -2.95351 -0.110218 0.717015 -0.649783 0.166343 -0.189741
148880 -0.0552399 -2.91573 -0.0987997 -0.716339 0.641596 -0.184274 0.203117
149080 -0.0380576 -2.88977 -0.105755 0.712167 -0.642143 0.191411 -0.209364
149347 -0.00389075 -2.8391 -0.103658 0.711926 -0.640739 0.193537 -0.212504
149481 0.0198715 -2.80674 -0.100442 -0.714579 0.63815 -0.193335 0.21157
149748 0.0462371 -2.75475 -0.104081 0.714692 -0.643538 0.182125 -0.204705
149949 0.0652596 -2.71809 -0.106517 0.717995 -0.644712 0.172869 -0.197349
150149 0.0917391 -2.67762 -0.0957308 -0.723048 0.643073 -0.169622 0.18678
150416 0.0922841 -2.6425 -0.106778 0.725341 -0.649403 0.153481 -0.169113
150683 0.101424 -2.60089 -0.104594 0.72917 -0.653156 0.133846 -0.154219
150951 0.108316 -2.55331 -0.105958 0.733412 -0.655974 0.115496 -0.135884
151084 0.124288 -2.51998 -0.0946558 -0.737893 0.653705 -0.111998 0.125061
151351 0.118202 -2.46813 -0.102195 0.739789 -0.658976 0.0853948 -0.105694
151485 0.131622 -2.43202 -0.0932009 -0.742546 0.6576 -0.083466 0.0960247
151619 0.124616 -2.40677 -0.103329 0.74075 -0.662336 0.0698518 -0.0878714
151752 0.139516 -2.36837 -0.0924029 -0.744047 0.659354 -0.0699575 0.0821706
151886 0.135465 -2.3354 -0.102812 0.741365 -0.663726 0.0598253 -0.0791603
152086 0.141916 -2.28854 -0.104804 0.741219 -0.664612 0.0561651 -0.075701
152287 0.15355 -2.23674 -0.104047 0.741223 -0.665222 0.0538432 -0.0719032
152420 0.170311 -2.19445 -0.092895 -0.744543 0.661383 -0.0587813 0.0690852
152554 0.167599 -2.16606 -0.102462 0.741244 -0.665997 0.0500209 -0.0671102
152687 0.183598 -2.12608 -0.0924101 -0.744685 0.662068 -0.0544629 0.0643723
152888 0.177483 -2.08748 -0.103618 0.74129 -0.666591 0.0463273 -0.063242
153088 0.18545 -2.04251 -0.106771 0.741969 -0.665835 0.0461785 -0.0633613
153222 0.198306 -2.00295 -0.0945653 -0.745036 0.661852 -0.0521876 0.0644214
153422 0.191056 -1.96356 -0.101352 0.74184 -0.665585 0.0537022 -0.0615346
153623 0.200123 -1.91177 -0.101526 0.74187 -0.665914 0.0485296 -0.0619097
153823 0.202402 -1.86489 -0.103348 0.742123 -0.665955 0.0440129 -0.0618115
153957 0.211125 -1.82417 -0.0906183 -0.74558 0.662074 -0.0474234 0.0593273
154157 0.206401 -1.78366 -0.100678 0.742706 -0.665728 0.0423764 -0.0582908
154357 0.205989 -1.73539 -0.0988539 0.74275 -0.66586 0.0418894 -0.0565558
154558 0.208376 -1.68052 -0.0997477 0.742956 -0.665449 0.0399072 -0.060005
154691 0.220884 -1.64398 -0.0888726 -0.746605 0.660977 -0.046169 0.0596562
154959 0.221298 -1.57137 -0.0957444 0.743545 -0.664516 0.0410033 -0.0622672
155092 0.230614 -1.53783 -0.0861907 -0.746978 0.660019 -0.0486954 0.0634602
155226 0.225816 -1.50153 -0.0936352 0.744318 -0.663411 0.0463677 -0.061052
155493 0.235272 -1.43742 -0.0946436 0.744321 -0.663041 0.0493852 -0.0626486
155693 0.240646 -1.38353 -0.0951754 0.74441 -0.662639 0.0534176 -0.0625381
155894 0.243944 -1.32925 -0.0933007 0.744023 -0.662894 0.0549646 -0.0630798
156094 0.246341 -1.27953 -0.0902253 0.743779 -0.662857 0.0566565 -0.0648329
156295 0.262365 -1.22678 -0.0886722 0.744492 -0.662056 0.0533325 -0.0675892
156428 0.276411 -1.18613 -0.0783962 -0.74646 0.659169 -0.0565193 0.0714069
156629 0.274623 -1.14514 -0.0823334 0.744705 -0.661779 0.0510399 -0.0697038
156829 0.277972 -1.09451 -0.0813737 0.744718 -0.661771 0.0513373 -0.0694245
157096 0.287629 -1.02872 -0.0779226 0.743841 -0.663103 0.0496416 -0.0673124
157297 0.293548 -0.968311 -0.0753576 0.74371 -0.663347 0.0504946 -0.0656958
157497 0.307239 -0.925209 -0.0707285 -0.745737 0.660703 -0.0528682 0.0674727
157697 0.303268 -0.882775 -0.076077 0.745118 -0.661924 0.0498743 -0.0645605
157965 0.31669 -0.822101 -0.0734097 0.744346 -0.663607 0.0434556 -0.0607162
158165 0.333784 -0.782622 -0.0552693 -0.744796 0.663497 -0.0438853 0.0559051
158432 0.325748 -0.731972 -0.0727406 0.744404 -0.665528 0.028518 -0.0460763
158699 0.320217 -0.675302 -0.0786646 0.746536 -0.664285 0.0162715 -0.0338275
158900 0.330865 -0.634641 -0.0691594 -0.750748 0.660238 -0.00966663 0.019223
159033 0.317989 -0.610162 -0.0740976 0.747806 -0.6639 -0.00170076 -0.00450759
159234 0.311505 -0.573917 -0.0658704 -0.751035 0.660076 0.0140195 -0.00703503
159367 0.297759 -0.55128 -0.0734737 0.747405 -0.663396 -0.0262869 0.0245196
159568 0.288327 -0.517955 -0.0655225 -0.750478 0.658777 0.0394854 -0.0351589
159768 0.257264 -0.481954 -0.0727718 0.746786 -0.661104 -0.0532232 0.0491822
159969 0.242648 -0.449438 -0.0627399 -0.749213 0.657233 0.0596354 -0.0562877
160169 0.212277 -0.418466 -0.0772394 0.745969 -0.65899 -0.0707166 0.0652801
160369 0.186206 -0.382271 -0.0731482 0.745146 -0.65913 -0.0757182 0.0676165
160570 0.158585 -0.344294 -0.0755379 0.745565 -0.658157 -0.0774754 0.0704329
160770 0.139704 -0.307436 -0.0736603 0.744501 -0.658799 -0.0767672 0.0762126
160971 0.129569 -0.261674 -0.0587963 -0.747684 0.655795 0.0741097 -0.0735504
161171 0.10716 -0.234434 -0.0688702 0.744221 -0.659697 -0.0773447 0.0703753
161371 0.104157 -0.188011 -0.057184 -0.747839 0.657472 0.0659302 -0.0641854
161505 0.0889934 -0.171389 -0.0671754 0.744812 -0.661117 -0.0645076 0.0633918
161639 0.0898259 -0.144539 -0.0604204 -0.750257 0.656649 0.0552189 -0.0536377
161839 0.0766666 -0.1157 -0.0660458 0.746664 -0.661461 -0.052155 0.0473391
162039 0.0812176 -0.0798355 -0.0558124 -0.750401 0.65864 0.0407451 -0.0378434
162240 0.06863 -0.0558599 -0.0660651 0.747768 -0.662258 -0.0335499 0.0336345
162373 0.0754874 -0.0240405 -0.0570807 -0.752484 0.657791 0.0251442 -0.0211229
162507 0.0664657 -0.0081179 -0.0703064 0.750239 -0.660635 -0.0186896 0.0187959
162641 0.0722807 0.0249855 -0.0546331 -0.752561 0.658433 0.0102031 -0.00383156
162841 0.0680832 0.0538485 -0.0670906 0.750136 -0.661275 0.00115098 -0.00321386
162975 0.083377 0.0847346 -0.0587266 -0.75392 0.656671 -0.0096064 0.0172026
163108 0.077448 0.104298 -0.0719655 0.751113 -0.659608 0.0124884 -0.0243142
163309 0.0894514 0.141156 -0.054599 -0.752334 0.65718 -0.0260579 0.0378046
163442 0.0911365 0.159393 -0.0661845 0.748724 -0.660962 0.0266489 -0.0428019
163643 0.107657 0.197198 -0.0574421 -0.751934 0.655832 -0.0395211 0.0540224
163843 0.114923 0.248329 -0.0637401 0.747135 -0.660252 0.0425597 -0.0635955
164043 0.132793 0.27923 -0.0542418 -0.749009 0.655756 -0.0585247 0.0744593
164177 0.130644 0.298497 -0.0675568 0.746028 -0.658583 0.0568887 -0.0804644
164377 0.148052 0.338834 -0.062224 0.745796 -0.657371 0.0687477 -0.0832188
164511 0.164684 0.369134 -0.0538235 -0.747674 0.653535 -0.073664 0.0919232
164645 0.161808 0.382858 -0.0598826 0.744135 -0.657411 0.0763672 -0.0907815
164845 0.185201 0.422307 -0.0513878 -0.74722 0.652616 -0.0797976 0.0968879
165045 0.190015 0.445922 -0.0585923 0.744088 -0.656631 0.0818369 -0.0920399
165246 0.212302 0.484156 -0.0498523 -0.747162 0.651695 -0.0825315 0.101148
165446 0.212841 0.504772 -0.0584587 0.743814 -0.655596 0.0866774 -0.0970711
165647 0.234882 0.531407 -0.0487101 -0.746545 0.651376 -0.0865948 0.104311
165780 0.241698 0.543587 -0.046642 -0.746041 0.65184 -0.0872798 0.104447
165914 0.235764 0.542686 -0.0606227 0.743495 -0.654554 0.0910478 -0.102394
166114 0.24795 0.545497 -0.0466804 -0.745009 0.651287 -0.091554 0.111375
166381 0.25149 0.532905 -0.0464008 -0.743806 0.65115 -0.0969049 0.115611
166582 0.253667 0.5203 -0.0520907 -0.743873 0.649056 -0.101808 0.122533
166782 0.260578 0.501823 -0.0493367 -0.741213 0.648579 -0.111829 0.13207
166983 0.266358 0.477912 -0.06073 0.735353 -0.65 0.124605 -0.145701
167183 0.438334 0.366464 -0.0426783 0.741513 -0.656542 0.103539 -0.0915966
167383 0.463652 0.339881 -0.033006 -0.742784 0.65004 -0.122883 0.103054
167584 0.470069 0.339838 -0.0437256 0.737264 -0.649834 0.141542 -0.118846
167717 0.476532 0.330607 -0.0381469 -0.738121 0.646187 -0.145038 0.12878
167918 0.482582 0.322428 -0.0371526 -0.735192 0.645122 -0.154917 0.138964
168118 0.488859 0.315045 -0.0382673 -0.732573 0.643407 -0.164415 0.149439
168319 0.489773 0.309792 -0.0477134 0.725703 -0.643253 0.182836 -0.161716
168452 0.493693 0.300506 -0.0388935 -0.724948 0.638342 -0.189465 0.176276
168653 0.489068 0.29402 -0.0401201 -0.720078 0.634359 -0.204121 0.19342
168786 0.484618 0.289639 -0.049253 0.713914 -0.635202 0.216278 -0.200173
168920 0.484388 0.28446 -0.0374551 -0.712932 0.629848 -0.223232 0.21257
169053 0.482927 0.275544 -0.0397504 -0.711266 0.627598 -0.22906 0.218527
169254 0.478008 0.265382 -0.0414771 -0.709834 0.625072 -0.234404 0.224666
169454 0.475727 0.254058 -0.0389273 -0.707945 0.62491 -0.237351 0.22796
169588 0.475955 0.242638 -0.0424016 -0.708022 0.623184 -0.239303 0.23039
169788 0.469417 0.236968 -0.0549069 0.702737 -0.62616 0.240262 -0.2374
169989 0.472735 0.213865 -0.0456594 -0.702914 0.618352 -0.251878 0.245176
170189 0.474441 0.19361 -0.0429597 -0.698477 0.616589 -0.259948 0.253724
170389 0.460981 0.173621 -0.0514322 0.691078 -0.616442 0.273619 -0.25989
170523 0.47139 0.159141 -0.0428446 -0.687514 0.609803 -0.281037 0.276557
170724 0.466422 0.136194 -0.0422233 -0.680048 0.604589 -0.294802 0.291718
170857 0.451521 0.123921 -0.0425343 0.677422 -0.600592 0.297131 -0.303484
171058 0.457876 0.102925 -0.0443055 -0.66678 0.594404 -0.318567 0.317182
171191 0.453153 0.0980785 -0.0440201 -0.661173 0.590529 -0.327571 0.326838
171392 0.434004 0.0867921 -0.0381393 0.65769 -0.585322 0.331197 -0.339339
171525 0.444954 0.0780894 -0.0468604 -0.650679 0.581966 -0.34509 0.344738
171726 0.440846 0.0766073 -0.0468802 -0.643643 0.577386 -0.355686 0.354734
171926 0.432211 0.0853208 -0.039472 0.636706 -0.57065 0.370643 -0.362751
172060 0.453072 0.0840584 -0.0488596 -0.633277 0.569515 -0.370673 0.370425
172260 0.462723 0.0935021 -0.0483468 -0.62947 0.566072 -0.376754 0.376013
172460 0.467026 0.103281 -0.0468198 0.623738 -0.560551 0.379849 -0.390446
172661 0.50585 0.0943549 -0.0481075 -0.612412 0.553052 -0.397291 0.401554
172861 0.523085 0.0922103 -0.0442846 0.601658 -0.542485 0.407816 -0.421194
172995 0.550404 0.0921346 -0.0505221 -0.598518 0.541456 -0.415269 0.419705
173195 0.571487 0.0929592 -0.0526751 -0.596165 0.539071 -0.417724 0.423669
173396 0.586821 0.0979966 -0.0438896 0.594364 -0.536902 0.415722 -0.430863
173596 0.62251 0.107705 -0.0526699 -0.591683 0.53539 -0.422625 0.429717
173863 0.652102 0.114591 -0.0452498 0.591613 -0.534042 0.418067 -0.435904
173997 0.672872 0.119775 -0.0562497 -0.590282 0.533133 -0.424322 0.432767
174197 0.697682 0.123813 -0.0579309 -0.588752 0.531807 -0.426506 0.434332
174398 0.727976 0.1312 -0.0485799 0.588243 -0.531487 0.423203 -0.438624
174531 0.734768 0.132227 -0.0590929 -0.586081 0.529926 -0.429354 0.437427
174665 0.745067 0.136227 -0.0595925 -0.584618 0.529012 -0.430871 0.438997
174798 0.753191 0.135319 -0.0603691 -0.58415 0.528275 -0.431738 0.439655
174932 0.755725 0.136185 -0.061157 -0.584124 0.527871 -0.432079 0.43984
175066 0.756657 0.136212 -0.0606231 -0.583793 0.528091 -0.432173 0.439922
175199 0.756697 0.137332 -0.0604151 -0.583524 0.527982 -0.432387 0.4402
175400 0.756774 0.137451 -0.0600766 -0.583293 0.52812 -0.432399 0.440329
175600 0.756929 0.13658 -0.0606962 -0.583592 0.528009 -0.432204 0.440257
175800 0.75636 0.136474 -0.0600649 -0.583437 0.528044 -0.432466 0.440164
176001 0.756563 0.136127 -0.0603082 -0.583523 0.528099 -0.432357 0.440091
176201 0.756707 0.1366 -0.0592865 -0.583324 0.528191 -0.432565 0.44004
176402 0.756571 0.136116 -0.0596883 -0.583244 0.52833 -0.432328 0.440211
