47544
47744
48011
48212
48412
48613
48813
49013
49281
49481
49615
49748
49949
50149
50416
50550
50683
50951
51218
51418
51619
51752
51953
52153
52353
52554
52754
52888
53088
53289
53489
53623
53823
53957
54090
54291
54491
54691
54892
55092
55226
55426
55627
55760
55961
56094
56295
56428
56562
56695
56896
57096
57230
57430
57631
57764
57965
58098
58299
58432
58566
58766
58900
59167
59301
59501
59701
59835
60035
60236
60369
60570
60770
60904
61104
61305
61572
61772
61973
62173
62373
62507
62707
62908
63108
63242
63509
63776
63910
64177
64311
64511
64711
64979
65179
65379
65580
65713
65914
66114
66248
66448
66649
66782
66916
67116
67317
67517
67651
67851
67985
68252
68385
68586
68786
68987
69187
69387
69588
69721
69989
70189
70389
70590
70790
70991
71124
71325
71458
71659
71859
71993
72126
72327
72527
72661
72861
73061
73262
73462
73663
73863
74064
74197
74331
74464
74598
74865
74999
75199
75466
75600
75867
76001
76134
76268
76402
76602
76802
77003
77270
77404
77604
77738
77938
78138
78339
78606
78806
79007
79207
79341
79541
79742
80009
80209
80476
80677
80944
81078
81211
81412
81545
81746
82013
82146
82280
82414
82614
82814
82948
83148
83349
83549
83683
83816
84017
84284
84418
84618
84752
84952
85152
85353
85553
85754
85887
86088
86221
86422
86622
86822
87023
87156
87290
87490
87624
87758
87958
88158
88292
88426
88693
88893
89094
89294
89494
89628
89828
90029
90229
90430
90563
90697
90830
91031
91164
91365
91565
91699
91966
92233
92434
92701
92901
93168
93369
93569
93703
93903
94104
94237
94371
94504
94638
94838
94972
95106
95239
95373
95573
95707
95907
96108
96308
96508
96776
96976
97110
97310
97444
97577
97778
97978
98245
98512
98646
98846
99047
99247
99448
99581
99782
99915
100049
100182
100316
100450
100583
100717
100850
101051
101251
101452
101652
101852
102053
102253
102454
102654
102854
103055
103255
103456
103656
103856
104057
104190
104324
104524
104658
104858
104992
105192
105326
105526
105660
105794
105927
106061
106261
106462
106662
106862
106996
107196
107397
107597
107798
107998
108198
108332
108466
108666
108866
109134
109267
109468
109668
109868
110002
110202
110403
110536
110670
110870
111138
111338
111472
111672
111872
112140
112273
112474
112674
112808
113008
113208
113342
113542
113810
114077
114277
114478
114678
114945
115079
115279
115546
115747
115947
116148
116281
116482
116682
116949
117083
117216
117484
117617
117751
117884
118085
118218
118486
118686
118953
119154
119421
119621
119755
119955
120156
120356
120556
120757
120891
121158
121291
121492
121759
122026
122226
122360
122560
122828
123028
123162
123362
123562
123763
123963
124097
124230
124364
124565
124765
124965
125233
125433
125633
125834
126034
126168
126368
126569
126702
126903
127103
127370
127571
127704
127971
128239
128439
128573
128773
128907
129107
129241
129508
129708
129842
129975
130109
130243
130443
130643
130844
130977
131178
131378
131512
131712
131846
131979
132180
132380
132647
132781
132915
133115
133315
133583
133783
133983
134184
134317
134518
134785
134985
135186
135453
135653
135787
136054
136321
136522
136722
136923
137123
137323
137524
137791
137991
138192
138392
138526
138659
138860
138993
139127
139327
139461
139661
139929
140129
140263
140463
140663
140797
140931
141131
141265
141398
141665
141866
142066
142333
142534
142667
142801
143001
143202
143335
143536
143736
143937
144204
144471
144671
144872
145139
145339
145540
145740
145941
146141
146275
146475
146675
146876
147143
147343
147544
147744
147945
148212
148412
148679
148880
149080
149347
149481
149748
149949
150149
150416
150683
150951
151084
151351
151485
151619
151752
151886
152086
152287
152420
152554
152687
152888
153088
153222
153422
153623
153823
153957
154157
154357
154558
154691
154959
155092
155226
155493
155693
155894
156094
156295
156428
156629
156829
157096
157297
157497
157697
157965
158165
158432
158699
158900
159033
159234
159367
159568
159768
159969
160169
160369
160570
160770
160971
161171
161371
161505
161639
161839
162039
162240
162373
162507
162641
162841
162975
163108
163309
163442
163643
163843
164043
164177
164377
164511
164645
164845
165045
165246
165446
165647
165780
165914
166114
166381
166582
166782
166983
167183
167383
167584
167717
167918
168118
168319
168452
168653
168786
168920
169053
169254
169454
169588
169788
169989
170189
170389
170523
170723
170857
171057
171191
171391
171525
171725
171926
172059
172260
172460
172661
172861
172995
173195
173396
173596
173863
173997
174197
174397
174531
174665
174798
174932
175065
175199
175399
175600
175800
176001
176201
176401
176602
